c ---- [ banner ] ------------------------------------------------------------
c
c Kissat SAT Solver
c 
c Copyright (c) 2021-2024 Armin Biere University of Freiburg
c Copyright (c) 2019-2021 Armin Biere Johannes Kepler University Linz
c 
c Version sc2024 d776b9e1002a822b821e1926835145300580fbea
c gcc (Ubuntu 13.3.0-6ubuntu2~24.04) 13.3.0 -W -Wall -O3 -DNDEBUG
c Mon Sep 22 15:53:48 -03 2025 Linux Eyvel 6.8.0-83-generic x86_64
c
c ---- [ proving ] -----------------------------------------------------------
c
c writing proof to DRAT file:
c
c   <stdout>
c
c ---- [ parsing ] -----------------------------------------------------------
c
c opened and reading DIMACS file:
c
c   6.cnf
c
c parsed 'p cnf 36 276' header
c closing input after reading 2484 bytes (2 KB)
c finished parsing after 0.00 seconds
c
c ---- [ options ] -----------------------------------------------------------
c
c --lucky=false                    (different from default 'true')
c
c ---- [ solving ] -----------------------------------------------------------
c
c  seconds switched rate     size/glue tier1 binary   remaining
c         MB reductions conflicts size  tier2 irredundant
c          level restarts redundant glue  trail   variables
c
c *  0.00  3 0 0 0  0 0   0   0 0.0 0 0 0 0 0% 222 12 36 100%
c (  0.00  3 0 0 0  0 0   0   0 0.0 0 0 0 0 0% 222 12 36 100%
c .  0.00  3 0 0 0  0 0   0   0 0.0 0 0 0 0 0% 222 12 36 100%
c f  0.00  3 0 0 0  0 0   0   0 0.0 0 0 0 0 0% 160 12 57 158%
c e  0.01  3 0 0 0  0 0   0   0 0.0 0 0 0 0 0% 153 37 44 122%
c )  0.01  3 0 0 0  0 0   0   0 0.0 0 0 0 0 0% 153 37 44 122%
c {  0.01  3 0 0 0  0 0   0   0 0.0 0 0 2 6 0% 153 37 44 122%
c }  0.01  3 0 0 0  0 0   0   0 0.0 0 0 2 6 0% 153 37 44 122%
c 1  0.01  3 0 0 0  0 0   0   0 0.0 0 0 2 6 0% 153 37 44 122%
37 -33 0
37 -3 0
-37 -9 0
-37 -15 0
-37 -21 0
-37 -27 0
-37 -4 0
-37 -5 0
-37 -6 0
d -33 -9 0
d -33 -15 0
d -33 -21 0
d -33 -27 0
d -33 -4 0
d -33 -5 0
d -33 -6 0
d -3 -9 0
d -3 -15 0
d -3 -21 0
d -3 -27 0
d -3 -4 0
d -3 -5 0
d -3 -6 0
38 -17 0
38 -11 0
-38 -7 0
-38 -8 0
-38 -9 0
-38 -5 0
-38 -23 0
-38 -29 0
-38 -35 0
d -17 -7 0
d -17 -8 0
d -17 -9 0
d -17 -5 0
d -17 -23 0
d -17 -29 0
d -17 -35 0
d -11 -7 0
d -11 -8 0
d -11 -9 0
d -11 -5 0
d -11 -23 0
d -11 -29 0
d -11 -35 0
39 -36 0
39 -31 0
39 -35 0
-39 -25 0
-39 -32 0
-39 -33 0
-39 -34 0
d -36 -25 0
d -36 -32 0
d -36 -33 0
d -36 -34 0
d -31 -25 0
d -31 -32 0
d -31 -33 0
d -31 -34 0
d -35 -25 0
d -35 -32 0
d -35 -33 0
d -35 -34 0
40 -22 0
40 -20 0
40 -21 0
-40 -19 0
-40 -28 0
-40 -23 0
-40 -24 0
d -22 -19 0
d -22 -28 0
d -22 -23 0
d -22 -24 0
d -20 -19 0
d -20 -28 0
d -20 -23 0
d -20 -24 0
d -21 -19 0
d -21 -28 0
d -21 -23 0
d -21 -24 0
41 -2 0
41 -12 0
-41 -1 0
-41 -8 0
-41 -3 0
-41 -10 0
-41 -11 0
-41 -6 0
d -2 -1 0
d -2 -8 0
d -2 -3 0
d -2 -10 0
d -2 -11 0
d -2 -6 0
d -12 -1 0
d -12 -8 0
d -12 -3 0
d -12 -10 0
d -12 -11 0
d -12 -6 0
42 -15 0
42 -13 0
42 -18 0
-42 -14 0
-42 -16 0
-42 -17 0
-42 -24 0
d -15 -14 0
d -15 -16 0
d -15 -17 0
d -15 -24 0
d -13 -14 0
d -13 -16 0
d -13 -17 0
d -13 -24 0
d -18 -14 0
d -18 -16 0
d -18 -17 0
d -18 -24 0
43 -27 0
43 -29 0
43 -30 0
-43 -25 0
-43 -26 0
-43 -21 0
-43 -28 0
d -27 -25 0
d -27 -26 0
d -27 -21 0
d -27 -28 0
d -29 -25 0
d -29 -26 0
d -29 -21 0
d -29 -28 0
d -30 -25 0
d -30 -26 0
d -30 -21 0
d -30 -28 0
44 -9 0
44 -7 0
-44 -8 0
-44 -10 0
-44 -12 0
-44 -18 0
-44 -38 0
d -9 -8 0
d -9 -10 0
d -9 -12 0
d -9 -18 0
d -9 -38 0
d -7 -8 0
d -7 -10 0
d -7 -12 0
d -7 -18 0
d -7 -38 0
45 -5 0
45 -4 0
-45 -1 0
-45 -2 0
-45 -32 0
-45 -6 0
-45 -37 0
d -5 -1 0
d -5 -2 0
d -5 -32 0
d -5 -6 0
d -5 -37 0
d -4 -1 0
d -4 -2 0
d -4 -32 0
d -4 -6 0
d -4 -37 0
46 -13 0
46 -19 0
46 -1 0
-46 -7 0
-46 -25 0
-46 -31 0
d -13 -7 0
d -13 -25 0
d -13 -31 0
d -19 -7 0
d -19 -25 0
d -19 -31 0
d -1 -7 0
d -1 -25 0
d -1 -31 0
47 -16 0
47 -10 0
-47 -8 0
-47 -4 0
-47 -22 0
-47 -28 0
-47 -34 0
d -16 -8 0
d -16 -4 0
d -16 -22 0
d -16 -28 0
d -16 -34 0
d -10 -8 0
d -10 -4 0
d -10 -22 0
d -10 -28 0
d -10 -34 0
48 -20 0
48 -14 0
-48 -2 0
-48 -8 0
-48 -26 0
-48 -32 0
-48 -22 0
d -20 -2 0
d -20 -8 0
d -20 -26 0
d -20 -32 0
d -20 -22 0
d -14 -2 0
d -14 -8 0
d -14 -26 0
d -14 -32 0
d -14 -22 0
49 -29 0
49 -23 0
-49 -19 0
-49 -5 0
-49 -35 0
-49 -38 0
d -29 -19 0
d -29 -5 0
d -29 -35 0
d -29 -38 0
d -23 -19 0
d -23 -5 0
d -23 -35 0
d -23 -38 0
50 -30 0
50 -36 0
-50 -27 0
-50 -6 0
-50 -12 0
-50 -18 0
-50 -24 0
d -30 -27 0
d -30 -6 0
d -30 -12 0
d -30 -18 0
d -30 -24 0
d -36 -27 0
d -36 -6 0
d -36 -12 0
d -36 -18 0
d -36 -24 0
51 -32 0
51 -26 0
-51 -2 0
-51 -8 0
-51 -34 0
-51 -48 0
d -32 -2 0
d -32 -8 0
d -32 -34 0
d -32 -48 0
d -26 -2 0
d -26 -8 0
d -26 -34 0
d -26 -48 0
52 -21 0
52 -15 0
-52 -9 0
-52 -22 0
-52 -37 0
d -21 -9 0
d -21 -22 0
d -21 -37 0
d -15 -9 0
d -15 -22 0
d -15 -37 0
53 -10 0
53 -1 0
-53 -3 0
-53 -11 0
-53 -41 0
d -10 -3 0
d -10 -11 0
d -10 -41 0
d -1 -3 0
d -1 -11 0
d -1 -41 0
54 -31 0
54 -35 0
-54 -5 0
-54 -36 0
-54 39 0
d -31 -5 0
d -31 -36 0
d -31 39 0
d -35 -5 0
d -35 -36 0
d -35 39 0
55 -4 0
55 -34 0
-55 -22 0
-55 -28 0
-55 -47 0
d -4 -22 0
d -4 -28 0
d -4 -47 0
d -34 -22 0
d -34 -28 0
d -34 -47 0
56 -12 0
56 -6 0
-56 -18 0
-56 -24 0
-56 -50 0
d -12 -18 0
d -12 -24 0
d -12 -50 0
d -6 -18 0
d -6 -24 0
d -6 -50 0
57 -13 0
57 -15 0
-57 -23 0
-57 -18 0
-57 42 0
d -13 -23 0
d -13 -18 0
d -13 42 0
d -15 -23 0
d -15 -18 0
d -15 42 0
-9 1 13 19 25 31 0
44 1 13 19 25 31 0
-46 1 13 19 25 31 0
-25 8 9 10 11 12 0
-31 8 9 10 11 12 0
44 8 9 10 11 12 0
-46 8 9 10 11 12 0
d 1 7 13 19 25 31 0
d 7 8 9 10 11 12 0
d -7 -25 0
d -7 -31 0
d -7 -9 0
d -7 44 0
d -7 -46 0
41 8 14 20 26 32 0
-45 8 14 20 26 32 0
-48 8 14 20 26 32 0
-51 8 14 20 26 32 0
41 1 3 4 5 6 0
-45 1 3 4 5 6 0
-48 1 3 4 5 6 0
-51 1 3 4 5 6 0
d 2 8 14 20 26 32 0
d 1 2 3 4 5 6 0
d -2 41 0
d -2 -45 0
d -2 -48 0
d -2 -51 0
-13 3 9 21 27 33 0
52 3 9 21 27 33 0
57 3 9 21 27 33 0
-21 13 14 16 17 18 0
-27 13 14 16 17 18 0
52 13 14 16 17 18 0
57 13 14 16 17 18 0
d 3 9 15 21 27 33 0
d 13 14 15 16 17 18 0
d -15 -13 0
d -15 -21 0
d -15 -27 0
d -15 52 0
d -15 57 0
-19 6 12 18 24 36 0
-29 6 12 18 24 36 0
43 6 12 18 24 36 0
50 6 12 18 24 36 0
-19 25 26 27 28 29 0
-36 25 26 27 28 29 0
43 25 26 27 28 29 0
50 25 26 27 28 29 0
d 6 12 18 24 30 36 0
d 25 26 27 28 29 30 0
d -30 -19 0
d -30 -29 0
d -30 -36 0
d -30 43 0
d -30 50 0
-36 -25 0
-36 -32 0
-36 -33 0
-36 -34 0
-54 -25 0
-54 -32 0
-54 -33 0
-54 -34 0
d 39 -36 0
d 39 -54 0
d -39 -25 0
d -39 -32 0
d -39 -33 0
d -39 -34 0
-18 -14 0
-18 -16 0
-18 -17 0
-18 -24 0
-57 -14 0
-57 -16 0
-57 -17 0
-57 -24 0
d 42 -18 0
d 42 -57 0
d -42 -14 0
d -42 -16 0
d -42 -17 0
d -42 -24 0
-16 -8 0
-16 -22 0
-16 -28 0
-16 -55 0
-10 -8 0
-10 -22 0
-10 -28 0
-10 -55 0
d 47 -16 0
d 47 -10 0
d -47 -8 0
d -47 -22 0
d -47 -28 0
d -47 -55 0
-20 -8 0
-20 -22 0
-20 -51 0
-20 1 3 4 5 6 0
-14 -8 0
-14 -22 0
-14 -51 0
-14 1 3 4 5 6 0
d 48 -20 0
d 48 -14 0
d -48 -8 0
d -48 -22 0
d -48 -51 0
d -48 8 14 20 26 32 0
d -48 1 3 4 5 6 0
-29 -19 0
-29 -5 0
-29 -35 0
-29 -38 0
-23 -19 0
-23 -5 0
-23 -35 0
-23 -38 0
d 49 -29 0
d 49 -23 0
d -49 -19 0
d -49 -5 0
d -49 -35 0
d -49 -38 0
-21 -9 0
-21 -22 0
-21 -37 0
-22 3 9 21 27 33 0
-37 3 9 21 27 33 0
-9 13 14 16 17 18 0
-22 13 14 16 17 18 0
-37 13 14 16 17 18 0
d 52 -21 0
d 52 3 9 21 27 33 0
d 52 13 14 16 17 18 0
d -52 -9 0
d -52 -22 0
d -52 -37 0
-10 -3 0
-10 -11 0
-10 -41 0
-1 -3 0
-1 -11 0
-1 -41 0
d 53 -10 0
d 53 -1 0
d -53 -3 0
d -53 -11 0
d -53 -41 0
-4 -22 0
-4 -28 0
-4 -16 0
-4 -10 0
-34 -22 0
-34 -28 0
-34 -16 0
-34 -10 0
d 55 -4 0
d 55 -34 0
d -55 -22 0
d -55 -28 0
d -55 -16 0
d -55 -10 0
-12 -18 0
-12 -24 0
-12 -50 0
-6 -18 0
-6 -24 0
-6 -50 0
d 56 -12 0
d 56 -6 0
d -56 -18 0
d -56 -24 0
d -56 -50 0
-19 6 12 18 36 0
d -19 6 12 18 24 36 0
c
c ---- [ result ] ------------------------------------------------------------
c
s SATISFIABLE
v -1 2 -3 -4 -5 -6 -7 -8 9 -10 -11 -12 13 -14 -15 -16 -17 -18 -19 -20 -21 22
v -23 -24 -25 -26 -27 -28 29 -30 -31 -32 -33 -34 -35 36 0
c
c ---- [ profiling ] ---------------------------------------------------------
c
c           0.00   67.96 %  preprocess
c           0.00   59.96 %  probe
c           0.00   50.99 %  sweep
c           0.00   18.62 %  parse
c           0.00    6.01 %  fastel
c           0.00    5.03 %  factor
c           0.00    2.86 %  congruence
c           0.00    1.16 %  search
c           0.00    0.87 %  focused
c           0.00    0.56 %  backbone
c           0.00    0.27 %  substitute
c           0.00    0.13 %  extend
c           0.00    0.00 %  simplify
c =============================================
c           0.01  100.00 %  total
c
c ---- [ statistics ] --------------------------------------------------------
c
c conflicts:                                0                0.00 per second
c decisions:                                3                0.00 per conflict
c eliminated:                              13               36 %  variables
c factored:                                21               58 %  variables
c fast_eliminated:                         13              100 %  eliminated
c fast_strengthened:                        1              100 %  per strengthened
c propagations:                           333            43107    per second
c strengthened:                             1                0 %  checks
c switched:                                 0                0    interval
c
c ---- [ glue usage ] --------------------------------------------------------
c
c no clauses used at all
c
c ---- [ resources ] ---------------------------------------------------------
c
c maximum-resident-set-size:          3538944 bytes          3 MB
c process-time:                                              0.01 seconds
c
c ---- [ shutting down ] -----------------------------------------------------
c
c exit 10
-- Tempo de CPU total = 0.003314 --
