c ---- [ banner ] ------------------------------------------------------------
c
c Kissat SAT Solver
c 
c Copyright (c) 2021-2024 Armin Biere University of Freiburg
c Copyright (c) 2019-2021 Armin Biere Johannes Kepler University Linz
c 
c Version sc2024 d776b9e1002a822b821e1926835145300580fbea
c gcc (Ubuntu 13.3.0-6ubuntu2~24.04) 13.3.0 -W -Wall -O3 -DNDEBUG
c Sun Jun 29 00:50:36 -03 2025 Linux Asbel 6.11.0-26-generic x86_64
c
c ---- [ parsing ] -----------------------------------------------------------
c
c opened and reading DIMACS file:
c
c   33.cnf
c
c parsed 'p cnf 4125 963105' header
c closing input after reading 12985872 bytes (12 MB)
c finished parsing after 0.12 seconds
c
c ---- [ solving ] -----------------------------------------------------------
c
c  seconds switched rate     size/glue tier1   binary      remaining
c         MB reductions conflicts size  tier2    irredundant
c          level restarts redundant glue  trail       variables
c
c *  0.12 12 0 0 0  0 0   0   0 0.0 0 0 0 0 0% 963072 33 4125 100%
c (  0.12 12 0 0 0  0 0   0   0 0.0 0 0 0 0 0% 963072 33 4125 100%
c .  0.12 12 0 0 0  0 0   0   0 0.0 0 0 0 0 0% 963072 33 4125 100%
c f  1.34 28 0 0 0  0 0   0   0 0.0 0 0 0 0 0% 75891 33 15486 375%
c e  1.34 13 0 0 0  0 0   0   0 0.0 0 0 0 0 0% 81577 33 10640 258%
c )  1.34 13 0 0 0  0 0   0   0 0.0 0 0 0 0 0% 81577 33 10640 258%
c {  1.34 13 0 0 0  0 0   0   0 0.0 0 0 2 6 0% 81577 33 10640 258%
c -  1.36 13 31 0 1  3 2 1000 588 1.2 29 24 22 26 64% 81577 33 10640 258%
c }  1.36 13 31 1 1  3 2 1000 588 1.2 29 24 22 26 64% 81577 33 10640 258%
c [  1.36 13 0 1 1  3 0 1000 588 0.0 0 0 2 6 0% 81577 33 10640 258%
c B  1.36 13 130 1 1  3 100 1001 589 1.1 26 24 2 6 66% 81577 33 10640 258%
c -  1.39 13 69 1 2  3 2 2002 1293 1.2 30 26 23 28 64% 81577 33 10640 258%
c W  1.39 12 69 1 2  3 2 2002 1293 1.2 30 26 23 28 64% 81577 33 10640 258%
c ]  1.39 12 69 2 2  3 2 2014 1298 1.2 30 26 23 28 64% 81577 33 10640 258%
c {  1.39 12 31 2 2  3 2 2014 1298 1.2 29 24 22 26 64% 81577 33 10640 258%
c u  1.41 12 28 2 2  3 2 2504 1444 1.3 29 23 22 26 63% 81577 33 10640 258%
c v  1.41 12 28 2 2  3 2 2504 1098 1.3 29 23 22 26 63% 81577 33 10640 258%
c w  1.41 12 28 2 2  3 2 2504 949 1.3 29 23 22 26 63% 81577 33 10640 258%
c f  1.43 12 28 2 2  3 2 2504 949 1.3 29 23 22 26 63% 74737 33 13467 326%
c u  1.45 12 28 2 2  3 2 2504 823 1.3 29 23 22 26 63% 74737 33 13467 326%
c
c  seconds  switched rate      size/glue  tier1      binary       remaining
c         MB reductions conflicts    size    tier2     irredundant
c          level restarts  redundant    glue     trail       variables
c
c v  1.45 12 28 2 2  3 2 2504 739 1.3 29 23 22 26 63% 74737 33 13467 326%
c }  1.49 12 27 3 2  3 1 3014 1204 1.3 29 23 22 26 60% 74737 33 13467 326%
c [  1.49 12 69 3 2  3 2 3014 1204 1.2 30 26 23 28 64% 74737 33 13467 326%
c -  1.50 12 57 3 3  3 2 3416 1402 1.2 30 26 23 27 60% 74737 33 13467 326%
c ]  1.51 12 50 4 3  3 2 3853 1739 1.2 30 25 22 27 58% 74737 33 13467 326%
c {  1.51 12 27 4 3  3 1 3853 1739 1.3 29 23 22 26 60% 74737 33 13467 326%
c -  1.54 12 28 4 4 98 2 5149 2492 1.2 28 23 21 25 57% 74737 33 13467 326%
c }  1.56 12 28 5 4 102 2 6205 3265 1.2 28 23 21 25 55% 74737 33 13467 326%
c [  1.56 12 50 5 4 102 2 6205 3265 1.2 30 25 22 27 58% 74737 33 13467 326%
c I  1.56 12 50 5 4 102 2 6205 3265 1.2 30 25 22 27 58% 74737 33 13467 326%
c -  1.59 12 329 5 5 102 2 7149 3425 1.2 36 31 24 38 59% 74737 33 13467 326%
c u  1.61 12 310 5 5 103 2 7719 3720 1.2 36 31 25 38 58% 74737 33 13467 326%
c v  1.61 12 310 5 5 103 2 7719 3564 1.2 36 31 25 38 58% 74737 33 13467 326%
c w  1.61 12 310 5 5 103 2 7719 3525 1.2 36 31 25 38 58% 74737 33 13467 326%
c ]  1.64 13 251 6 5 104 2 8642 4211 1.2 37 32 25 38 55% 74737 33 13467 326%
c {  1.64 13 28 6 5 104 2 8642 4211 1.2 28 23 21 25 55% 74737 33 13467 326%
c -  1.70 13 95 6 6 398 25 9385 4140 1.2 30 26 21 25 55% 74737 33 13467 326%
c o  1.76 13 141 6 6 643 44 10002 4751 1.1 33 28 21 25 56% 74737 33 13467 326%
c -  1.92 13 237 6 7 1280 79 11834 4938 1.1 37 33 21 28 56% 74737 33 13467 326%
c e  1.98 13 261 6 7 1478 85 12519 5616 1.1 38 34 21 28 56% 74510 33 13202 320%
c
c  seconds   switched    rate        size/glue  tier1      binary       remaining
c         MB  reductions   conflicts       size    tier2     irredundant
c           level  restarts     redundant     glue     trail       variables
c
c ^  1.98 13 261 6 7 1478 85 12519 5616 1.1 38 34 21 28 56% 74510 33 13202 320%
c }  2.00 13 268 7 7 1531 87 12712 4318 1.1 38 34 21 28 56% 74510 33 13202 320%
c [  2.00 13 251 7 7 1531 2 12712 4318 1.2 37 32 25 38 55% 74510 33 13202 320%
c B  2.00 13 251 7 7 1531 2 12712 4318 1.2 37 32 25 38 55% 74510 33 13202 320%
c -  2.03 13 187 7 8 1532 2 14479 3988 1.2 36 32 27 35 53% 74510 33 13202 320%
c u  2.08 13 159 7 8 1533 2 15818 4627 1.2 36 31 27 35 52% 74510 33 13202 320%
c v  2.09 13 159 7 8 1533 2 15818 4324 1.2 36 31 27 35 52% 74510 33 13202 320%
c w  2.10 13 159 7 8 1533 2 15818 4074 1.2 36 31 27 35 52% 74510 33 13202 320%
c f  2.13 14 159 7 8 1533 2 15818 4074 1.2 36 31 27 35 52% 73218 33 13742 333%
c u  2.15 14 159 7 8 1533 2 15818 4001 1.2 36 31 27 35 52% 73218 33 13742 333%
c v  2.16 14 159 7 8 1533 2 15818 3937 1.2 36 31 27 35 52% 73218 33 13742 333%
c w  2.17 14 159 7 8 1533 2 15818 3845 1.2 36 31 27 35 52% 73218 33 13742 333%
c -  2.26 14 137 7 9 1534 1 17308 3998 1.2 36 31 27 33 51% 73218 33 13742 333%
c W  2.28 14 126 7 9 1535 1 18246 4724 1.2 36 31 27 33 51% 73218 33 13742 333%
c -  2.33 14 128 7 10 1536 2 20308 4944 1.2 43 36 27 41 52% 73218 33 13742 333%
c -  2.41 14 118 7 11 1537 2 23474 4942 1.2 49 43 29 57 52% 73218 33 13742 333%
c e  2.45 14 113 7 11 1538 2 25056 6193 1.2 52 44 29 57 53% 74289 33 12524 304%
c ^  2.45 14 113 7 11 1538 2 25056 6193 1.2 52 44 29 57 53% 74289 33 12524 304%
c o  2.45 14 113 7 11 1538 2 25056 5135 1.2 52 44 29 57 53% 74289 33 12524 304%
c O  2.47 14 126 7 11 1538 2 25779 5705 1.2 55 48 29 57 53% 74289 33 12524 304%
c
c  seconds   switched    rate        size/glue  tier1      binary       remaining
c         MB   reductions  conflicts       size    tier2     irredundant
c           level   restarts    redundant     glue     trail       variables
c
c -  2.50 14 122 7 12 1539 2 26790 4491 1.2 55 47 30 65 53% 74289 33 12524 304%
c u  2.51 14 121 7 12 1539 2 26984 4645 1.2 55 47 30 65 53% 74289 33 12524 304%
c v  2.51 14 121 7 12 1539 2 26984 4630 1.2 55 47 30 65 53% 74289 33 12524 304%
c w  2.52 14 121 7 12 1539 2 26984 4630 1.2 55 47 30 65 53% 74289 33 12524 304%
c f  2.54 14 121 7 12 1539 2 26984 4630 1.2 55 47 30 65 53% 74120 33 12580 305%
c u  2.55 14 121 7 12 1539 2 26984 4620 1.2 55 47 30 65 53% 74120 33 12580 305%
c v  2.55 14 121 7 12 1539 2 26984 4580 1.2 55 47 30 65 53% 74120 33 12580 305%
c w  2.55 14 121 7 12 1539 2 26984 4580 1.2 55 47 30 65 53% 74120 33 12580 305%
c -  2.63 14 108 7 13 1542 2 30256 5963 1.2 53 45 29 60 53% 74120 33 12580 305%
c -  2.73 14 97 7 14 1544 1 33861 7200 1.2 51 43 28 54 53% 74120 33 12580 305%
c ]  2.77 14 93 8 14 1544 1 35373 8445 1.2 50 43 28 54 52% 74120 33 12580 305%
c {  2.77 14 268 8 14 1544 87 35373 8445 1.1 38 34 21 28 56% 74120 33 12580 305%
c -  2.83 14 224 8 15 1564 69 37602 8882 1.2 42 34 23 34 58% 74120 33 12580 305%
c }  2.90 16 194 8 15 1620 56 40073 10996 1.3 45 34 23 34 59% 74120 33 12580 305%
c 1  2.90 16 194 8 15 1620 56 40073 10996 1.3 45 34 23 34 59% 74120 33 12580 305%
c
c ---- [ result ] ------------------------------------------------------------
c
s SATISFIABLE
v -1 -2 -3 -4 -5 -6 -7 -8 -9 -10 -11 -12 -13 -14 -15 -16 -17 -18 -19 -20 -21
v -22 -23 -24 -25 -26 -27 -28 -29 -30 -31 -32 -33 -34 -35 -36 -37 -38 -39 -40
v -41 -42 -43 -44 -45 -46 -47 -48 -49 -50 -51 -52 -53 -54 -55 -56 -57 -58 -59
v -60 -61 -62 -63 -64 -65 -66 -67 -68 -69 -70 -71 -72 -73 -74 -75 -76 77 -78
v -79 -80 -81 -82 -83 -84 -85 -86 -87 -88 -89 -90 -91 -92 -93 -94 -95 -96 -97
v -98 -99 -100 -101 -102 -103 -104 -105 -106 -107 -108 -109 -110 -111 -112
v -113 -114 -115 -116 -117 -118 -119 -120 -121 -122 -123 -124 -125 -126 -127
v -128 -129 -130 -131 -132 -133 -134 -135 -136 -137 -138 -139 -140 -141 -142
v -143 144 -145 -146 -147 -148 -149 -150 -151 -152 -153 -154 -155 -156 -157
v -158 -159 -160 -161 -162 -163 -164 -165 -166 -167 -168 -169 -170 -171 -172
v -173 -174 -175 -176 -177 -178 -179 -180 -181 -182 -183 -184 -185 -186 -187
v -188 -189 -190 -191 -192 -193 -194 -195 -196 -197 -198 -199 -200 -201 -202
v -203 -204 -205 -206 -207 -208 -209 -210 -211 -212 -213 -214 -215 -216 -217
v -218 -219 -220 -221 -222 -223 -224 -225 -226 -227 -228 -229 -230 -231 -232
v -233 -234 -235 -236 -237 -238 -239 -240 -241 -242 -243 -244 -245 -246 -247
v -248 -249 -250 -251 -252 -253 -254 -255 -256 -257 -258 -259 -260 -261 -262
v -263 -264 -265 -266 -267 -268 -269 -270 -271 -272 -273 -274 -275 -276 -277
v -278 -279 -280 -281 -282 -283 -284 -285 -286 -287 -288 -289 -290 -291 -292
v -293 -294 -295 -296 -297 -298 -299 -300 -301 -302 -303 -304 -305 -306 -307
v -308 -309 -310 -311 -312 -313 -314 -315 -316 -317 -318 -319 -320 -321 -322
v -323 -324 -325 -326 -327 -328 -329 -330 -331 -332 -333 -334 -335 -336 -337
v -338 -339 -340 -341 -342 -343 -344 -345 -346 -347 -348 -349 -350 -351 -352
v -353 -354 -355 -356 -357 -358 -359 360 -361 -362 -363 -364 -365 -366 -367
v -368 -369 -370 -371 -372 -373 -374 -375 -376 -377 -378 -379 -380 -381 -382
v -383 -384 -385 -386 -387 -388 -389 -390 -391 -392 -393 -394 -395 -396 -397
v -398 -399 -400 -401 -402 -403 -404 -405 -406 -407 -408 -409 -410 -411 -412
v -413 -414 -415 -416 -417 -418 -419 -420 -421 -422 -423 -424 -425 -426 -427
v -428 -429 -430 -431 -432 -433 -434 -435 -436 -437 -438 -439 -440 -441 -442
v -443 -444 -445 -446 -447 -448 -449 -450 -451 -452 -453 -454 -455 -456 -457
v -458 -459 -460 -461 -462 -463 -464 -465 -466 -467 -468 -469 -470 -471 -472
v -473 -474 -475 -476 -477 -478 -479 -480 -481 -482 -483 -484 -485 -486 -487
v -488 -489 -490 -491 -492 493 -494 -495 -496 -497 -498 -499 -500 -501 -502
v -503 -504 -505 -506 -507 -508 -509 -510 -511 -512 -513 -514 -515 -516 -517
v -518 -519 -520 -521 -522 -523 -524 -525 -526 -527 -528 -529 -530 -531 -532
v -533 -534 -535 -536 -537 -538 -539 -540 -541 -542 -543 -544 545 -546 -547
v -548 -549 -550 -551 -552 -553 -554 -555 -556 -557 -558 -559 -560 -561 -562
v -563 -564 -565 -566 -567 -568 -569 -570 -571 -572 -573 -574 -575 -576 -577
v -578 -579 -580 -581 -582 -583 -584 -585 -586 -587 -588 -589 -590 -591 -592
v -593 -594 -595 -596 -597 -598 -599 -600 -601 -602 -603 -604 -605 -606 -607
v -608 -609 -610 -611 -612 -613 -614 -615 -616 -617 -618 -619 -620 -621 -622
v -623 -624 -625 -626 -627 -628 -629 630 -631 -632 -633 -634 -635 -636 -637
v -638 -639 -640 -641 -642 -643 -644 -645 -646 -647 -648 -649 -650 -651 -652
v -653 -654 -655 -656 -657 -658 -659 -660 -661 -662 -663 -664 -665 -666 -667
v -668 -669 -670 -671 -672 -673 -674 -675 -676 -677 -678 -679 -680 -681 -682
v -683 -684 -685 -686 -687 -688 -689 -690 -691 -692 -693 -694 -695 -696 -697
v -698 -699 -700 -701 -702 -703 -704 -705 -706 -707 -708 -709 -710 -711 -712
v -713 -714 -715 -716 -717 -718 -719 -720 -721 -722 -723 -724 -725 -726 -727
v -728 -729 -730 -731 -732 -733 -734 -735 -736 -737 -738 -739 -740 -741 -742
v -743 -744 -745 -746 -747 -748 -749 -750 -751 -752 -753 -754 -755 -756 757
v -758 -759 -760 -761 -762 -763 -764 -765 -766 -767 -768 -769 -770 -771 -772
v -773 -774 -775 -776 -777 -778 -779 -780 -781 -782 -783 -784 -785 -786 -787
v -788 -789 -790 -791 -792 -793 -794 -795 -796 -797 -798 -799 -800 -801 -802
v -803 -804 -805 -806 -807 -808 -809 -810 -811 -812 -813 -814 -815 -816 -817
v -818 -819 -820 -821 -822 -823 -824 -825 -826 -827 -828 -829 -830 -831 -832
v -833 -834 -835 -836 -837 -838 -839 -840 -841 -842 -843 -844 -845 -846 -847
v -848 -849 -850 -851 -852 -853 -854 -855 -856 -857 -858 -859 -860 -861 -862
v -863 -864 -865 -866 -867 -868 -869 -870 -871 -872 -873 -874 -875 -876 -877
v -878 -879 -880 -881 -882 -883 -884 -885 -886 -887 -888 -889 -890 -891 -892
v -893 -894 -895 -896 -897 -898 -899 -900 -901 -902 -903 -904 -905 -906 -907
v -908 -909 -910 -911 -912 -913 -914 915 -916 -917 -918 -919 -920 -921 -922
v -923 -924 -925 -926 -927 -928 -929 -930 -931 -932 -933 -934 -935 -936 -937
v -938 -939 -940 -941 -942 -943 -944 -945 -946 -947 -948 -949 -950 -951 -952
v -953 -954 -955 -956 -957 -958 -959 -960 -961 -962 -963 -964 -965 -966 -967
v -968 -969 -970 -971 -972 -973 -974 -975 -976 -977 -978 -979 -980 -981 -982
v -983 -984 -985 -986 -987 -988 -989 -990 -991 -992 -993 -994 -995 -996 -997
v -998 -999 -1000 -1001 -1002 -1003 -1004 -1005 -1006 -1007 -1008 -1009 -1010
v -1011 -1012 -1013 -1014 -1015 -1016 -1017 -1018 -1019 -1020 -1021 -1022
v -1023 -1024 -1025 -1026 -1027 -1028 -1029 -1030 -1031 -1032 -1033 -1034
v -1035 -1036 -1037 -1038 -1039 -1040 -1041 -1042 -1043 -1044 -1045 -1046
v -1047 -1048 -1049 -1050 -1051 -1052 -1053 1054 -1055 -1056 -1057 -1058 -1059
v -1060 -1061 -1062 -1063 -1064 -1065 -1066 -1067 -1068 -1069 -1070 -1071
v -1072 -1073 -1074 -1075 -1076 -1077 -1078 -1079 -1080 -1081 -1082 -1083
v -1084 -1085 -1086 -1087 -1088 -1089 -1090 -1091 -1092 -1093 -1094 -1095
v -1096 -1097 -1098 -1099 -1100 -1101 -1102 -1103 -1104 -1105 -1106 -1107
v -1108 -1109 -1110 -1111 -1112 -1113 -1114 -1115 -1116 -1117 -1118 -1119
v -1120 -1121 -1122 -1123 -1124 -1125 -1126 -1127 -1128 -1129 -1130 -1131
v -1132 -1133 1134 -1135 -1136 -1137 -1138 -1139 -1140 -1141 -1142 -1143 -1144
v -1145 -1146 -1147 -1148 -1149 -1150 -1151 -1152 -1153 -1154 -1155 -1156
v -1157 -1158 -1159 -1160 -1161 -1162 -1163 -1164 -1165 -1166 -1167 -1168
v -1169 -1170 -1171 -1172 -1173 -1174 -1175 -1176 -1177 -1178 -1179 -1180
v -1181 -1182 -1183 -1184 -1185 -1186 -1187 -1188 -1189 -1190 -1191 -1192
v -1193 -1194 -1195 -1196 -1197 -1198 -1199 -1200 -1201 -1202 -1203 -1204
v -1205 -1206 -1207 -1208 -1209 -1210 -1211 -1212 -1213 -1214 -1215 -1216
v -1217 -1218 -1219 -1220 -1221 -1222 -1223 -1224 -1225 -1226 -1227 -1228
v -1229 -1230 -1231 -1232 -1233 -1234 -1235 -1236 -1237 -1238 -1239 -1240
v -1241 -1242 -1243 -1244 -1245 -1246 -1247 -1248 -1249 -1250 -1251 -1252
v -1253 -1254 -1255 -1256 -1257 -1258 -1259 -1260 -1261 -1262 -1263 -1264
v -1265 -1266 -1267 -1268 -1269 -1270 -1271 -1272 -1273 -1274 -1275 -1276
v -1277 -1278 -1279 -1280 -1281 -1282 -1283 -1284 -1285 -1286 -1287 -1288
v -1289 -1290 -1291 -1292 -1293 -1294 -1295 -1296 -1297 -1298 -1299 1300 -1301
v -1302 -1303 -1304 -1305 -1306 -1307 -1308 -1309 -1310 -1311 -1312 -1313
v -1314 -1315 -1316 -1317 -1318 -1319 -1320 -1321 -1322 -1323 -1324 -1325
v -1326 -1327 -1328 -1329 -1330 -1331 -1332 -1333 -1334 -1335 -1336 -1337
v -1338 -1339 -1340 -1341 -1342 -1343 -1344 -1345 -1346 -1347 -1348 -1349
v -1350 -1351 -1352 -1353 -1354 -1355 -1356 -1357 -1358 -1359 -1360 -1361
v -1362 -1363 -1364 -1365 -1366 -1367 -1368 -1369 -1370 -1371 -1372 -1373
v -1374 -1375 -1376 -1377 -1378 -1379 -1380 -1381 -1382 -1383 -1384 -1385
v -1386 -1387 -1388 -1389 -1390 -1391 -1392 -1393 -1394 -1395 -1396 -1397
v -1398 -1399 -1400 -1401 -1402 -1403 -1404 -1405 1406 -1407 -1408 -1409 -1410
v -1411 -1412 -1413 -1414 -1415 -1416 -1417 -1418 -1419 -1420 -1421 -1422
v -1423 -1424 -1425 -1426 -1427 -1428 -1429 -1430 -1431 -1432 -1433 -1434
v -1435 -1436 -1437 -1438 -1439 -1440 -1441 -1442 -1443 -1444 -1445 -1446
v -1447 -1448 -1449 -1450 -1451 -1452 -1453 -1454 -1455 -1456 -1457 -1458
v -1459 -1460 -1461 -1462 -1463 -1464 -1465 -1466 -1467 -1468 -1469 -1470
v -1471 -1472 -1473 -1474 -1475 -1476 -1477 -1478 -1479 -1480 -1481 -1482
v -1483 -1484 -1485 -1486 -1487 -1488 -1489 -1490 -1491 -1492 -1493 -1494
v -1495 -1496 -1497 -1498 -1499 -1500 -1501 -1502 -1503 -1504 -1505 -1506
v -1507 -1508 -1509 -1510 -1511 -1512 -1513 -1514 -1515 -1516 -1517 -1518
v -1519 -1520 -1521 -1522 -1523 -1524 -1525 -1526 -1527 -1528 -1529 -1530
v -1531 -1532 -1533 -1534 -1535 -1536 -1537 -1538 -1539 -1540 -1541 -1542
v -1543 -1544 -1545 -1546 -1547 -1548 -1549 -1550 -1551 1552 -1553 -1554 -1555
v -1556 -1557 -1558 -1559 -1560 -1561 -1562 -1563 -1564 -1565 -1566 -1567
v -1568 -1569 -1570 -1571 -1572 -1573 -1574 -1575 -1576 -1577 -1578 -1579
v -1580 -1581 -1582 -1583 -1584 -1585 -1586 -1587 -1588 -1589 -1590 -1591
v -1592 -1593 -1594 -1595 -1596 -1597 -1598 -1599 -1600 -1601 -1602 -1603
v -1604 -1605 -1606 -1607 -1608 -1609 -1610 -1611 -1612 -1613 -1614 -1615
v -1616 -1617 -1618 -1619 -1620 -1621 -1622 -1623 -1624 -1625 -1626 -1627
v -1628 -1629 -1630 -1631 -1632 -1633 -1634 -1635 1636 -1637 -1638 -1639 -1640
v -1641 -1642 -1643 -1644 -1645 -1646 -1647 -1648 -1649 -1650 -1651 -1652
v -1653 -1654 -1655 -1656 -1657 -1658 -1659 -1660 -1661 -1662 -1663 -1664
v -1665 -1666 -1667 -1668 -1669 -1670 -1671 -1672 -1673 -1674 -1675 -1676
v -1677 -1678 -1679 -1680 -1681 -1682 -1683 -1684 -1685 -1686 -1687 -1688
v -1689 -1690 -1691 -1692 -1693 -1694 -1695 -1696 -1697 -1698 -1699 -1700
v -1701 -1702 -1703 -1704 -1705 -1706 -1707 -1708 -1709 -1710 -1711 -1712
v -1713 -1714 -1715 -1716 -1717 -1718 -1719 -1720 -1721 -1722 -1723 -1724
v -1725 -1726 -1727 -1728 -1729 -1730 -1731 -1732 -1733 -1734 -1735 -1736
v -1737 -1738 -1739 -1740 -1741 -1742 -1743 -1744 -1745 -1746 -1747 -1748
v -1749 -1750 -1751 -1752 -1753 -1754 -1755 -1756 -1757 -1758 -1759 -1760
v -1761 -1762 -1763 -1764 -1765 -1766 -1767 -1768 -1769 -1770 -1771 -1772
v -1773 -1774 -1775 -1776 -1777 -1778 -1779 -1780 -1781 -1782 -1783 -1784
v -1785 -1786 -1787 -1788 -1789 -1790 -1791 -1792 -1793 -1794 -1795 -1796
v -1797 -1798 -1799 -1800 -1801 -1802 -1803 -1804 -1805 -1806 -1807 -1808
v -1809 -1810 -1811 -1812 -1813 -1814 -1815 -1816 -1817 -1818 -1819 -1820
v -1821 -1822 -1823 -1824 -1825 -1826 -1827 -1828 -1829 -1830 -1831 -1832
v -1833 -1834 -1835 -1836 -1837 -1838 -1839 -1840 -1841 -1842 -1843 -1844
v -1845 -1846 -1847 1848 -1849 -1850 -1851 -1852 -1853 -1854 -1855 -1856 -1857
v -1858 -1859 -1860 -1861 -1862 -1863 -1864 -1865 -1866 -1867 -1868 -1869
v -1870 -1871 -1872 -1873 -1874 -1875 -1876 -1877 -1878 -1879 -1880 -1881
v -1882 -1883 -1884 -1885 -1886 -1887 -1888 -1889 -1890 -1891 -1892 -1893
v -1894 -1895 -1896 -1897 -1898 -1899 -1900 -1901 -1902 -1903 -1904 -1905
v -1906 -1907 -1908 -1909 -1910 -1911 -1912 -1913 -1914 -1915 -1916 -1917
v -1918 -1919 -1920 -1921 -1922 -1923 -1924 -1925 -1926 -1927 -1928 -1929
v -1930 -1931 -1932 -1933 -1934 -1935 -1936 -1937 -1938 -1939 -1940 -1941 1942
v -1943 -1944 -1945 -1946 -1947 -1948 -1949 -1950 -1951 -1952 -1953 -1954
v -1955 -1956 -1957 -1958 -1959 -1960 -1961 -1962 -1963 -1964 -1965 -1966
v -1967 -1968 -1969 -1970 -1971 -1972 -1973 -1974 -1975 -1976 -1977 -1978
v -1979 -1980 -1981 -1982 -1983 -1984 -1985 -1986 -1987 -1988 -1989 -1990
v -1991 -1992 -1993 -1994 -1995 -1996 -1997 -1998 -1999 -2000 -2001 -2002
v -2003 -2004 -2005 -2006 -2007 -2008 -2009 -2010 -2011 -2012 -2013 -2014
v -2015 -2016 -2017 -2018 -2019 -2020 -2021 -2022 -2023 2024 -2025 -2026 -2027
v -2028 -2029 -2030 -2031 -2032 -2033 -2034 -2035 -2036 -2037 -2038 -2039
v -2040 -2041 -2042 -2043 -2044 -2045 -2046 -2047 -2048 -2049 -2050 -2051
v -2052 -2053 -2054 -2055 -2056 -2057 -2058 -2059 -2060 -2061 -2062 -2063
v -2064 -2065 -2066 -2067 -2068 -2069 -2070 -2071 -2072 -2073 -2074 -2075
v -2076 -2077 -2078 -2079 -2080 -2081 -2082 -2083 -2084 -2085 -2086 -2087
v -2088 -2089 -2090 -2091 -2092 -2093 -2094 -2095 -2096 -2097 -2098 -2099
v -2100 -2101 -2102 -2103 -2104 -2105 -2106 -2107 -2108 -2109 -2110 -2111
v -2112 -2113 -2114 -2115 -2116 -2117 -2118 -2119 -2120 -2121 -2122 -2123
v -2124 -2125 -2126 -2127 -2128 -2129 -2130 -2131 -2132 -2133 -2134 -2135
v -2136 -2137 2138 -2139 -2140 -2141 -2142 -2143 -2144 -2145 -2146 -2147 -2148
v -2149 -2150 -2151 -2152 -2153 -2154 -2155 -2156 -2157 -2158 -2159 -2160
v -2161 -2162 -2163 -2164 -2165 -2166 -2167 -2168 -2169 -2170 -2171 -2172
v -2173 -2174 -2175 -2176 -2177 -2178 -2179 -2180 -2181 -2182 -2183 -2184
v -2185 -2186 -2187 -2188 -2189 -2190 -2191 -2192 -2193 -2194 -2195 -2196
v -2197 -2198 -2199 -2200 -2201 -2202 -2203 -2204 -2205 -2206 -2207 -2208
v -2209 -2210 -2211 -2212 -2213 -2214 -2215 -2216 -2217 -2218 -2219 -2220
v -2221 -2222 -2223 -2224 -2225 -2226 -2227 -2228 -2229 -2230 -2231 -2232
v -2233 -2234 -2235 -2236 -2237 -2238 -2239 -2240 -2241 -2242 -2243 -2244
v -2245 -2246 -2247 -2248 -2249 -2250 -2251 -2252 -2253 -2254 -2255 -2256
v -2257 -2258 -2259 -2260 -2261 -2262 -2263 -2264 -2265 -2266 -2267 -2268
v -2269 -2270 -2271 -2272 -2273 -2274 -2275 -2276 -2277 -2278 -2279 -2280
v -2281 -2282 -2283 -2284 -2285 -2286 -2287 -2288 -2289 -2290 -2291 -2292
v -2293 -2294 -2295 -2296 -2297 -2298 -2299 -2300 -2301 -2302 -2303 -2304
v -2305 -2306 -2307 -2308 -2309 -2310 -2311 -2312 -2313 -2314 -2315 -2316
v -2317 2318 -2319 -2320 -2321 -2322 -2323 -2324 -2325 -2326 -2327 -2328 -2329
v -2330 -2331 -2332 -2333 -2334 -2335 -2336 -2337 -2338 -2339 -2340 -2341
v -2342 -2343 -2344 -2345 -2346 -2347 -2348 -2349 -2350 -2351 -2352 -2353
v -2354 -2355 -2356 -2357 -2358 -2359 -2360 -2361 -2362 -2363 -2364 -2365
v -2366 -2367 -2368 -2369 -2370 -2371 -2372 -2373 -2374 -2375 -2376 -2377
v -2378 -2379 -2380 -2381 -2382 -2383 -2384 -2385 -2386 -2387 -2388 -2389
v -2390 -2391 -2392 -2393 -2394 -2395 -2396 -2397 -2398 -2399 -2400 -2401
v -2402 -2403 -2404 -2405 -2406 -2407 -2408 -2409 -2410 -2411 -2412 -2413
v -2414 -2415 -2416 -2417 -2418 -2419 -2420 -2421 -2422 -2423 -2424 -2425
v -2426 -2427 -2428 -2429 -2430 -2431 -2432 -2433 -2434 -2435 -2436 -2437
v -2438 -2439 -2440 -2441 -2442 -2443 -2444 -2445 -2446 -2447 -2448 -2449
v -2450 -2451 -2452 -2453 -2454 -2455 -2456 -2457 -2458 -2459 -2460 -2461
v -2462 -2463 -2464 -2465 -2466 -2467 -2468 -2469 -2470 -2471 -2472 -2473
v -2474 -2475 -2476 -2477 2478 -2479 -2480 -2481 -2482 -2483 -2484 -2485 -2486
v -2487 -2488 -2489 -2490 -2491 -2492 -2493 -2494 -2495 -2496 -2497 -2498
v -2499 -2500 -2501 -2502 -2503 -2504 -2505 -2506 -2507 -2508 -2509 -2510
v -2511 -2512 -2513 -2514 -2515 -2516 -2517 -2518 -2519 -2520 -2521 -2522
v -2523 -2524 -2525 -2526 -2527 -2528 -2529 -2530 -2531 -2532 -2533 -2534
v -2535 -2536 -2537 -2538 -2539 -2540 -2541 -2542 -2543 -2544 -2545 -2546
v -2547 -2548 -2549 -2550 -2551 -2552 -2553 -2554 -2555 -2556 -2557 -2558
v -2559 -2560 -2561 -2562 -2563 -2564 -2565 -2566 -2567 -2568 -2569 -2570
v -2571 -2572 -2573 -2574 -2575 -2576 -2577 -2578 -2579 -2580 -2581 -2582
v -2583 -2584 -2585 -2586 -2587 -2588 -2589 -2590 -2591 -2592 -2593 -2594
v -2595 2596 -2597 -2598 -2599 -2600 -2601 -2602 -2603 -2604 -2605 -2606 -2607
v -2608 -2609 -2610 -2611 -2612 -2613 -2614 -2615 -2616 -2617 -2618 -2619
v -2620 -2621 -2622 -2623 -2624 -2625 -2626 -2627 -2628 -2629 -2630 -2631
v -2632 -2633 -2634 -2635 -2636 -2637 -2638 -2639 -2640 -2641 -2642 -2643
v -2644 -2645 -2646 -2647 -2648 -2649 -2650 -2651 -2652 -2653 -2654 -2655
v -2656 -2657 -2658 -2659 -2660 -2661 -2662 -2663 -2664 -2665 -2666 -2667
v -2668 -2669 -2670 -2671 -2672 -2673 -2674 -2675 -2676 -2677 -2678 -2679
v -2680 -2681 -2682 -2683 -2684 -2685 -2686 -2687 -2688 -2689 -2690 -2691
v -2692 -2693 -2694 -2695 -2696 -2697 -2698 -2699 -2700 -2701 -2702 -2703
v -2704 2705 -2706 -2707 -2708 -2709 -2710 -2711 -2712 -2713 -2714 -2715 -2716
v -2717 -2718 -2719 -2720 -2721 -2722 -2723 -2724 -2725 -2726 -2727 -2728
v -2729 -2730 -2731 -2732 -2733 -2734 -2735 -2736 -2737 -2738 -2739 -2740
v -2741 -2742 -2743 -2744 -2745 -2746 -2747 -2748 -2749 -2750 -2751 -2752
v -2753 -2754 -2755 -2756 -2757 -2758 -2759 -2760 -2761 -2762 -2763 -2764
v -2765 -2766 -2767 -2768 -2769 -2770 -2771 -2772 -2773 -2774 -2775 -2776
v -2777 -2778 -2779 -2780 -2781 -2782 -2783 -2784 -2785 -2786 -2787 -2788
v -2789 -2790 -2791 -2792 -2793 -2794 -2795 -2796 -2797 -2798 -2799 -2800
v -2801 -2802 -2803 -2804 -2805 -2806 -2807 -2808 -2809 -2810 -2811 -2812
v -2813 -2814 -2815 -2816 -2817 -2818 -2819 -2820 -2821 -2822 -2823 -2824
v -2825 -2826 -2827 -2828 -2829 -2830 -2831 -2832 -2833 -2834 -2835 -2836
v -2837 -2838 -2839 -2840 -2841 -2842 -2843 -2844 -2845 -2846 -2847 -2848
v -2849 -2850 -2851 -2852 -2853 -2854 -2855 -2856 -2857 -2858 -2859 -2860
v -2861 -2862 -2863 -2864 -2865 -2866 -2867 -2868 -2869 -2870 -2871 -2872
v -2873 -2874 2875 -2876 -2877 -2878 -2879 -2880 -2881 -2882 -2883 -2884 -2885
v -2886 -2887 -2888 -2889 -2890 -2891 -2892 -2893 -2894 -2895 -2896 -2897
v -2898 -2899 -2900 -2901 -2902 -2903 -2904 -2905 -2906 -2907 -2908 -2909
v -2910 -2911 -2912 -2913 -2914 -2915 -2916 -2917 -2918 -2919 -2920 -2921
v -2922 -2923 -2924 -2925 -2926 -2927 -2928 -2929 -2930 -2931 -2932 -2933
v -2934 -2935 -2936 -2937 -2938 -2939 -2940 -2941 -2942 -2943 -2944 2945 -2946
v -2947 -2948 -2949 -2950 -2951 -2952 -2953 -2954 -2955 -2956 -2957 -2958
v -2959 -2960 -2961 -2962 -2963 -2964 -2965 -2966 -2967 -2968 -2969 -2970
v -2971 -2972 -2973 -2974 -2975 -2976 -2977 -2978 -2979 -2980 -2981 -2982
v -2983 -2984 -2985 -2986 -2987 -2988 -2989 -2990 -2991 -2992 -2993 -2994
v -2995 -2996 -2997 -2998 -2999 -3000 -3001 -3002 -3003 -3004 -3005 -3006
v -3007 -3008 -3009 -3010 -3011 -3012 -3013 -3014 -3015 -3016 -3017 -3018
v -3019 -3020 -3021 -3022 -3023 -3024 -3025 -3026 -3027 -3028 -3029 -3030
v -3031 -3032 -3033 -3034 -3035 -3036 -3037 -3038 -3039 -3040 -3041 -3042
v -3043 -3044 -3045 -3046 -3047 -3048 -3049 -3050 -3051 -3052 -3053 -3054
v -3055 -3056 -3057 -3058 -3059 -3060 -3061 -3062 -3063 -3064 -3065 -3066
v -3067 -3068 -3069 -3070 -3071 -3072 -3073 -3074 -3075 -3076 -3077 -3078
v -3079 -3080 -3081 -3082 -3083 -3084 -3085 -3086 -3087 -3088 -3089 -3090
v -3091 -3092 -3093 -3094 -3095 -3096 -3097 -3098 -3099 -3100 -3101 -3102
v -3103 3104 -3105 -3106 -3107 -3108 -3109 -3110 -3111 -3112 -3113 -3114 -3115
v -3116 -3117 -3118 -3119 -3120 -3121 -3122 -3123 -3124 -3125 -3126 -3127
v -3128 -3129 -3130 -3131 -3132 -3133 -3134 -3135 -3136 -3137 -3138 -3139
v -3140 -3141 -3142 -3143 -3144 -3145 -3146 -3147 -3148 -3149 -3150 -3151
v -3152 -3153 -3154 -3155 -3156 -3157 -3158 -3159 -3160 -3161 -3162 -3163
v -3164 -3165 -3166 -3167 -3168 -3169 -3170 -3171 -3172 -3173 -3174 -3175
v -3176 -3177 -3178 -3179 3180 -3181 -3182 -3183 -3184 -3185 -3186 -3187 -3188
v -3189 -3190 -3191 -3192 -3193 -3194 -3195 -3196 -3197 -3198 -3199 -3200
v -3201 -3202 -3203 -3204 -3205 -3206 -3207 -3208 -3209 -3210 -3211 -3212
v -3213 -3214 -3215 -3216 -3217 -3218 -3219 -3220 -3221 -3222 -3223 -3224
v -3225 -3226 -3227 -3228 -3229 -3230 -3231 -3232 -3233 -3234 -3235 -3236
v -3237 -3238 -3239 -3240 -3241 -3242 -3243 -3244 -3245 -3246 -3247 -3248
v -3249 -3250 -3251 -3252 -3253 -3254 -3255 -3256 -3257 -3258 -3259 -3260
v -3261 -3262 -3263 -3264 -3265 -3266 -3267 -3268 -3269 -3270 -3271 -3272
v -3273 -3274 -3275 -3276 -3277 -3278 -3279 -3280 -3281 -3282 -3283 -3284
v -3285 -3286 -3287 -3288 -3289 -3290 -3291 -3292 -3293 -3294 -3295 -3296
v -3297 -3298 3299 -3300 -3301 -3302 -3303 -3304 -3305 -3306 -3307 -3308 -3309
v -3310 -3311 -3312 -3313 -3314 -3315 -3316 -3317 -3318 -3319 -3320 -3321
v -3322 -3323 -3324 -3325 -3326 -3327 -3328 -3329 -3330 -3331 -3332 -3333
v -3334 -3335 -3336 -3337 -3338 -3339 -3340 -3341 -3342 -3343 -3344 -3345
v -3346 -3347 -3348 -3349 -3350 -3351 -3352 -3353 -3354 -3355 -3356 -3357
v -3358 -3359 -3360 -3361 -3362 -3363 -3364 -3365 -3366 -3367 -3368 -3369
v -3370 -3371 -3372 -3373 -3374 -3375 -3376 -3377 -3378 -3379 -3380 -3381
v -3382 -3383 -3384 -3385 -3386 -3387 -3388 -3389 -3390 -3391 -3392 -3393
v -3394 -3395 -3396 -3397 -3398 -3399 -3400 -3401 -3402 -3403 -3404 -3405
v -3406 -3407 -3408 -3409 -3410 -3411 -3412 -3413 -3414 -3415 -3416 -3417
v -3418 3419 -3420 -3421 -3422 -3423 -3424 -3425 -3426 -3427 -3428 -3429 -3430
v -3431 -3432 -3433 -3434 -3435 -3436 -3437 -3438 -3439 -3440 -3441 -3442
v -3443 -3444 -3445 -3446 -3447 -3448 -3449 -3450 -3451 -3452 -3453 -3454
v -3455 -3456 -3457 -3458 -3459 -3460 -3461 -3462 -3463 -3464 -3465 -3466
v -3467 -3468 -3469 -3470 -3471 -3472 -3473 -3474 -3475 -3476 -3477 -3478
v -3479 -3480 -3481 -3482 -3483 -3484 -3485 -3486 -3487 -3488 -3489 -3490
v -3491 -3492 -3493 -3494 -3495 -3496 -3497 -3498 -3499 -3500 -3501 -3502
v -3503 -3504 -3505 -3506 -3507 -3508 -3509 -3510 -3511 -3512 -3513 -3514
v -3515 -3516 -3517 -3518 -3519 -3520 -3521 -3522 -3523 -3524 -3525 -3526
v -3527 -3528 -3529 -3530 -3531 -3532 -3533 -3534 -3535 -3536 -3537 -3538
v -3539 -3540 -3541 -3542 -3543 -3544 -3545 -3546 -3547 -3548 -3549 -3550
v -3551 -3552 -3553 -3554 -3555 -3556 -3557 -3558 -3559 -3560 -3561 -3562
v -3563 -3564 -3565 -3566 -3567 -3568 -3569 -3570 -3571 -3572 -3573 -3574
v -3575 -3576 -3577 -3578 -3579 -3580 -3581 -3582 -3583 -3584 -3585 -3586
v -3587 -3588 -3589 -3590 -3591 -3592 -3593 -3594 -3595 -3596 -3597 -3598
v -3599 -3600 -3601 -3602 -3603 -3604 -3605 -3606 -3607 -3608 -3609 -3610
v -3611 -3612 -3613 -3614 -3615 -3616 -3617 -3618 -3619 -3620 -3621 3622 -3623
v -3624 -3625 -3626 -3627 -3628 -3629 -3630 -3631 -3632 -3633 -3634 -3635
v -3636 -3637 -3638 -3639 -3640 -3641 -3642 -3643 -3644 -3645 -3646 -3647
v -3648 -3649 -3650 -3651 -3652 -3653 -3654 -3655 -3656 -3657 -3658 -3659
v -3660 -3661 -3662 -3663 -3664 -3665 -3666 -3667 -3668 -3669 -3670 -3671
v -3672 -3673 -3674 -3675 -3676 -3677 -3678 -3679 -3680 -3681 -3682 -3683
v -3684 -3685 -3686 -3687 -3688 -3689 -3690 -3691 -3692 -3693 -3694 -3695
v -3696 -3697 -3698 -3699 -3700 -3701 -3702 -3703 -3704 -3705 -3706 -3707
v -3708 -3709 -3710 -3711 -3712 -3713 -3714 -3715 -3716 -3717 -3718 -3719
v -3720 -3721 -3722 -3723 3724 -3725 -3726 -3727 -3728 -3729 -3730 -3731 -3732
v -3733 -3734 -3735 -3736 -3737 -3738 -3739 -3740 -3741 -3742 -3743 -3744
v -3745 -3746 -3747 -3748 -3749 -3750 -3751 -3752 -3753 -3754 -3755 -3756
v -3757 -3758 -3759 -3760 -3761 -3762 -3763 -3764 -3765 -3766 -3767 -3768
v -3769 -3770 -3771 -3772 -3773 -3774 -3775 -3776 -3777 -3778 -3779 -3780
v -3781 -3782 -3783 -3784 3785 -3786 -3787 -3788 -3789 -3790 -3791 -3792 -3793
v -3794 -3795 -3796 -3797 -3798 -3799 -3800 -3801 -3802 -3803 -3804 -3805
v -3806 -3807 -3808 -3809 -3810 -3811 -3812 -3813 -3814 -3815 -3816 -3817
v -3818 -3819 -3820 -3821 -3822 -3823 -3824 -3825 -3826 -3827 -3828 -3829
v -3830 -3831 -3832 -3833 -3834 -3835 -3836 -3837 -3838 -3839 -3840 -3841
v -3842 -3843 -3844 -3845 -3846 -3847 -3848 -3849 -3850 -3851 -3852 -3853
v -3854 -3855 -3856 -3857 -3858 -3859 -3860 -3861 -3862 -3863 -3864 -3865
v -3866 -3867 -3868 -3869 -3870 -3871 -3872 -3873 -3874 -3875 -3876 -3877
v -3878 -3879 -3880 -3881 -3882 -3883 -3884 -3885 -3886 -3887 -3888 -3889
v -3890 -3891 -3892 -3893 -3894 -3895 -3896 -3897 -3898 -3899 -3900 -3901
v -3902 -3903 -3904 -3905 -3906 -3907 -3908 -3909 -3910 -3911 -3912 -3913
v -3914 -3915 -3916 -3917 -3918 -3919 -3920 -3921 -3922 -3923 -3924 -3925
v -3926 -3927 -3928 -3929 -3930 -3931 -3932 -3933 -3934 -3935 -3936 -3937
v -3938 -3939 -3940 3941 -3942 -3943 -3944 -3945 -3946 -3947 -3948 -3949 -3950
v -3951 -3952 -3953 -3954 -3955 -3956 -3957 -3958 -3959 -3960 -3961 -3962
v -3963 -3964 -3965 -3966 -3967 -3968 -3969 -3970 -3971 -3972 -3973 -3974
v -3975 -3976 -3977 -3978 -3979 -3980 -3981 -3982 -3983 -3984 -3985 -3986
v -3987 -3988 -3989 -3990 -3991 -3992 -3993 -3994 -3995 -3996 -3997 -3998
v -3999 -4000 -4001 -4002 -4003 -4004 -4005 -4006 -4007 -4008 -4009 -4010
v -4011 -4012 -4013 -4014 -4015 -4016 -4017 -4018 -4019 -4020 -4021 -4022
v -4023 -4024 -4025 -4026 -4027 -4028 4029 -4030 -4031 -4032 -4033 -4034 -4035
v -4036 -4037 -4038 -4039 -4040 -4041 -4042 -4043 -4044 -4045 -4046 -4047
v -4048 -4049 -4050 -4051 -4052 -4053 -4054 -4055 -4056 -4057 -4058 -4059
v -4060 -4061 -4062 -4063 -4064 -4065 -4066 -4067 -4068 -4069 -4070 -4071
v -4072 -4073 -4074 -4075 -4076 -4077 -4078 -4079 -4080 -4081 -4082 -4083
v -4084 -4085 -4086 -4087 -4088 -4089 -4090 -4091 -4092 -4093 -4094 -4095
v -4096 -4097 -4098 -4099 -4100 -4101 -4102 -4103 -4104 -4105 -4106 -4107
v -4108 -4109 -4110 -4111 -4112 -4113 -4114 -4115 -4116 -4117 -4118 -4119
v -4120 -4121 -4122 -4123 -4124 -4125 0
c
c ---- [ profiling ] ---------------------------------------------------------
c
c           1.55   53.55 %  probe
c           1.22   42.28 %  preprocess
c           1.20   41.45 %  search
c           1.19   40.94 %  factor
c           0.64   21.96 %  stable
c           0.56   19.49 %  focused
c           0.35   12.17 %  simplify
c           0.12    4.30 %  vivify
c           0.12    4.02 %  parse
c           0.09    3.02 %  sweep
c           0.05    1.84 %  congruence
c           0.05    1.65 %  backbone
c           0.04    1.38 %  substitute
c           0.02    0.81 %  reduce
c           0.02    0.54 %  eliminate
c           0.01    0.43 %  transitive
c           0.01    0.20 %  walking
c           0.00    0.15 %  fastel
c           0.00    0.07 %  lucky
c           0.00    0.06 %  subsume
c =============================================
c           2.90  100.00 %  total
c
c ---- [ statistics ] --------------------------------------------------------
c
c chronological:                           20                0 %  conflicts
c conflicts:                            40073            13815.58 per second
c decisions:                           777747               19.41 per conflict
c eliminated:                            6329              153 %  variables
c factored:                             14784              358 %  variables
c fast_eliminated:                       4846               77 %  eliminated
c propagations:                      24721303          8522924    per second
c reductions:                              15             2672    interval
c reordered:                                2            20036    interval
c rephased:                                 6             6679    interval
c restarts:                              1620               25    interval
c switched:                                 8             5009    interval
c vivified:                              4064               62 %  checks
c walks:                                    2            20036    interval
c
c ---- [ glue usage ] --------------------------------------------------------
c
c focused glue 26    used 1457 clauses  5.39% accumulated 54.81% tier1
c focused glue 27    used 1364 clauses  5.05% accumulated 59.86%
c focused glue 28-32 used 7073 clauses 26.17% accumulated 86.03%
c focused glue 33    used  805 clauses  2.98% accumulated 89.01%
c focused glue 34    used  572 clauses  2.12% accumulated 91.12% tier2
c
c stable glue 28    used  7851 clauses  7.01% accumulated 51.05% tier1
c stable glue 29    used  6160 clauses  5.50% accumulated 56.55%
c stable glue 30-50 used 36823 clauses 32.87% accumulated 89.42%
c stable glue 51    used   383 clauses  0.34% accumulated 89.76%
c stable glue 52    used   376 clauses  0.34% accumulated 90.10% tier2
c
c ---- [ resources ] ---------------------------------------------------------
c
c maximum-resident-set-size:         32919552 bytes         31 MB
c process-time:                             3s               2.90 seconds
c
c ---- [ shutting down ] -----------------------------------------------------
c
c exit 10
Tempo de CPU total = 2.860617
c ---- [ banner ] ------------------------------------------------------------
c
c Kissat SAT Solver
c 
c Copyright (c) 2021-2024 Armin Biere University of Freiburg
c Copyright (c) 2019-2021 Armin Biere Johannes Kepler University Linz
c 
c Version sc2024 d776b9e1002a822b821e1926835145300580fbea
c gcc (Ubuntu 13.3.0-6ubuntu2~24.04) 13.3.0 -W -Wall -O3 -DNDEBUG
c Sun Jun 29 00:50:36 -03 2025 Linux Asbel 6.11.0-26-generic x86_64
c
c ---- [ parsing ] -----------------------------------------------------------
c
c opened and reading DIMACS file:
c
c   125.cnf
c
c parsed 'p cnf 4375 1085315' header
c closing input after reading 14665737 bytes (14 MB)
c finished parsing after 0.13 seconds
c
c ---- [ options ] -----------------------------------------------------------
c
c --restartint=50                  (different from default '1')
c --target=2                       (different from default '1')
c
c ---- [ solving ] -----------------------------------------------------------
c
c  seconds switched rate     size/glue tier1    binary      remaining
c         MB reductions conflicts size  tier2     irredundant
c          level restarts redundant glue  trail        variables
c
c *  0.13 20 0 0 0  0 0   0   0 0.0 0 0 0 0 0% 1085280 35 4375 100%
c (  0.13 20 0 0 0  0 0   0   0 0.0 0 0 0 0 0% 1085280 35 4375 100%
c .  0.13 20 0 0 0  0 0   0   0 0.0 0 0 0 0 0% 1085280 35 4375 100%
c f  1.39 39 0 0 0  0 0   0   0 0.0 0 0 0 0 0% 79414 35 16240 371%
c e  1.39 22 0 0 0  0 0   0   0 0.0 0 0 0 0 0% 85491 35 11188 256%
c )  1.39 22 0 0 0  0 0   0   0 0.0 0 0 0 0 0% 85491 35 11188 256%
c {  1.39 22 0 0 0  0 0   0   0 0.0 0 0 2 6 0% 85491 35 11188 256%
c -  1.42 22 32 0 1  4 2 1000 598 1.2 31 26 24 29 63% 85491 35 11188 256%
c }  1.42 22 32 1 1  4 2 1000 598 1.2 31 26 24 29 63% 85491 35 11188 256%
c [  1.42 22 0 1 1  4 0 1000 598 0.0 0 0 2 6 0% 85491 35 11188 256%
c B  1.42 22 74 1 1  4 40 1002 600 1.2 33 28 2 6 65% 85491 35 11188 256%
c -  1.44 22 47 1 2  4 1 2000 1371 1.2 36 31 26 34 62% 85491 35 11188 256%
c W  1.44 21 47 1 2  4 1 2003 1374 1.2 36 31 26 34 62% 85491 35 11188 256%
c ]  1.44 21 47 2 2  5 2 2051 1420 1.2 36 31 26 34 63% 85491 35 11188 256%
c {  1.44 21 32 2 2  5 2 2051 1420 1.2 31 26 24 29 63% 85491 35 11188 256%
c u  1.46 21 33 2 2  5 2 2503 1795 1.2 31 26 25 28 63% 85491 35 11188 256%
c v  1.47 21 33 2 2  5 2 2503 1735 1.2 31 26 25 28 63% 85491 35 11188 256%
c w  1.47 21 33 2 2  5 2 2503 1695 1.2 31 26 25 28 63% 85491 35 11188 256%
c f  1.49 21 33 2 2  5 2 2503 1695 1.2 31 26 25 28 63% 78382 35 14110 323%
c u  1.50 21 33 2 2  5 2 2503 1632 1.2 31 26 25 28 63% 78382 35 14110 323%
c
c  seconds  switched rate       size/glue  tier1      binary       remaining
c         MB reductions conflicts     size    tier2     irredundant
c          level restarts  redundant     glue     trail       variables
c
c v  1.51 21 33 2 2  5 2 2503 1590 1.2 31 26 25 28 63% 78382 35 14110 323%
c w  1.51 21 33 2 2  5 2 2503 1574 1.2 31 26 25 28 63% 78382 35 14110 323%
c }  1.55 21 31 3 2  5 1 3051 2094 1.2 32 26 25 28 61% 78382 35 14110 323%
c [  1.55 21 47 3 2  5 2 3051 2094 1.2 36 31 26 34 63% 78382 35 14110 323%
c -  1.56 21 43 3 3  5 2 3414 2320 1.2 36 30 26 33 61% 78382 35 14110 323%
c ]  1.57 21 41 4 3  5 1 3956 2790 1.2 37 30 26 33 59% 78382 35 14110 323%
c {  1.57 21 31 4 3  5 1 3956 2790 1.2 32 26 25 28 61% 78382 35 14110 323%
c -  1.61 21 40 4 4 26 2 5146 3229 1.2 37 30 25 35 59% 78382 35 14110 323%
c }  1.64 21 46 5 4 40 2 6310 4203 1.2 38 31 25 36 57% 78382 35 14110 323%
c [  1.64 21 41 5 4 40 1 6310 4203 1.2 37 30 26 33 59% 78382 35 14110 323%
c I  1.64 21 41 5 4 40 1 6310 4203 1.2 37 30 26 33 59% 78382 35 14110 323%
c -  1.66 21 283 5 5 40 2 7146 4171 1.2 46 39 27 48 58% 78382 35 14110 323%
c u  1.69 21 291 5 5 41 2 7718 4657 1.2 50 41 27 48 58% 78382 35 14110 323%
c v  1.69 21 291 5 5 41 2 7718 4636 1.2 50 41 27 48 58% 78382 35 14110 323%
c w  1.70 21 291 5 5 41 2 7718 4629 1.2 50 41 27 48 58% 78382 35 14110 323%
c ]  1.73 21 231 6 5 42 2 8913 5613 1.2 50 41 29 51 56% 78382 35 14110 323%
c {  1.73 21 46 6 5 42 2 8913 5613 1.2 38 31 25 36 57% 78382 35 14110 323%
c -  1.75 21 60 6 6 47 2 9382 5136 1.3 41 31 25 37 57% 78382 35 14110 323%
c -  1.84 21 188 6 7 72 4 11831 6482 1.5 49 33 26 39 57% 78382 35 14110 323%
c e  1.87 21 207 6 7 84 4 12510 7092 1.4 49 34 26 39 57% 78156 35 13862 317%
c
c  seconds   switched rate        size/glue  tier1      binary       remaining
c         MB  reductions conflicts      size    tier2     irredundant
c           level restarts   redundant     glue     trail       variables
c
c ^  1.87 21 207 6 7 84 4 12510 7092 1.4 49 34 26 39 57% 78156 35 13862 317%
c o  1.87 21 207 6 7 84 4 12510 5923 1.4 49 34 26 39 57% 78156 35 13862 317%
c }  1.89 21 234 7 7 91 5 12983 6341 1.4 51 36 26 39 57% 78156 35 13862 317%
c [  1.89 21 231 7 7 91 2 12983 6341 1.2 50 41 29 51 56% 78156 35 13862 317%
c B  1.89 21 231 7 7 91 2 12983 6341 1.2 50 41 29 51 56% 78156 35 13862 317%
c -  1.93 21 187 7 8 92 2 14476 6270 1.2 50 41 30 49 56% 78156 35 13862 317%
c u  1.97 21 163 7 8 93 2 15811 7163 1.2 50 42 31 49 55% 78156 35 13862 317%
c v  1.98 21 163 7 8 93 2 15811 7155 1.2 50 42 31 49 55% 78156 35 13862 317%
c w  1.98 21 163 7 8 93 2 15811 7113 1.2 50 42 31 49 55% 78156 35 13862 317%
c f  2.00 21 163 7 8 93 2 15811 7113 1.2 50 42 31 49 55% 76869 35 14421 330%
c u  2.02 21 163 7 8 93 2 15811 7085 1.2 50 42 31 49 55% 76869 35 14421 330%
c v  2.02 21 163 7 8 93 2 15811 7075 1.2 50 42 31 49 55% 76869 35 14421 330%
c w  2.03 21 163 7 8 93 2 15811 7035 1.2 50 42 31 49 55% 76869 35 14421 330%
c ]  2.06 21 156 8 8 93 2 16267 7374 1.2 50 42 31 49 55% 76869 35 14421 330%
c {  2.06 21 234 8 8 93 5 16267 7374 1.4 51 36 26 39 57% 76869 35 14421 330%
c -  2.09 21 213 8 9 99 4 17304 7146 1.4 50 36 27 41 57% 76869 35 14421 330%
c -  2.17 21 180 8 10 111 4 20305 8556 1.7 59 35 27 40 56% 76869 35 14421 330%
c }  2.25 21 166 9 10 111 3 22427 10361 2.6 89 34 26 38 57% 76869 35 14421 330%
c [  2.25 21 156 9 10 111 2 22427 10361 1.2 50 42 31 49 55% 76869 35 14421 330%
c W  2.25 21 156 9 10 111 2 22427 10361 1.2 50 42 31 49 55% 76869 35 14421 330%
c
c  seconds   switched   rate        size/glue  tier1      binary       remaining
c         MB   reductions conflicts       size    tier2     irredundant
c           level  restarts    redundant     glue     trail       variables
c
c -  2.29 21 158 9 11 112 2 23468 9558 1.4 56 41 31 48 55% 76869 35 14421 330%
c e  2.33 21 153 9 11 113 2 25037 10788 1.3 57 43 31 48 55% 77971 35 13157 301%
c ^  2.33 21 153 9 11 113 2 25037 10788 1.3 57 43 31 48 55% 77971 35 13157 301%
c o  2.34 21 153 9 11 113 2 25037 7553 1.3 57 43 31 48 55% 77971 35 13157 301%
c -  2.40 21 190 9 12 114 2 26785 7718 1.2 79 63 33 85 56% 77971 35 13157 301%
c u  2.42 21 190 9 12 114 2 26965 7878 1.2 79 64 33 85 56% 77971 35 13157 301%
c v  2.43 21 190 9 12 114 2 26965 7878 1.2 79 64 33 85 56% 77971 35 13157 301%
c w  2.44 25 190 9 12 114 2 26965 7877 1.2 79 64 33 85 56% 77971 35 13157 301%
c f  2.46 25 190 9 12 114 2 26965 7877 1.2 79 64 33 85 56% 77751 35 13227 302%
c u  2.47 26 190 9 12 114 2 26965 7876 1.2 79 64 33 85 56% 77751 35 13227 302%
c v  2.48 26 190 9 12 114 2 26965 7875 1.2 79 64 33 85 56% 77751 35 13227 302%
c w  2.49 26 190 9 12 114 2 26965 7875 1.2 79 64 33 85 56% 77751 35 13227 302%
c ]  2.55 26 168 10 12 116 2 29865 10094 1.2 73 59 33 85 56% 77751 35 13227 302%
c {  2.55 26 166 10 12 116 3 29865 10094 2.6 89 34 26 38 57% 77751 35 13227 302%
c -  2.56 26 163 10 13 121 3 30250 8995 2.5 87 34 26 38 56% 77751 35 13227 302%
c -  2.65 26 142 10 14 132 3 33855 11018 2.3 79 34 27 37 56% 77751 35 13227 302%
c -  2.76 26 128 10 15 180 3 37596 12511 2.1 74 35 28 39 56% 77751 35 13227 302%
c }  2.78 26 125 11 15 190 3 38492 13241 2.1 73 36 28 39 56% 77751 35 13227 302%
c [  2.78 26 168 11 15 190 2 38492 13241 1.2 73 59 33 85 56% 77751 35 13227 302%
c O  2.78 26 168 11 15 190 2 38492 13241 1.2 73 59 33 85 56% 77751 35 13227 302%
c
c  seconds    switched   rate         size/glue  tier1      binary       remaining
c         MB    reductions conflicts        size    tier2     irredundant
c           level   restarts     redundant     glue     trail       variables
c
c u  2.86 26 146 11 15 192 2 41321 15248 1.2 67 55 33 85 57% 77751 35 13227 302%
c v  2.88 26 146 11 15 192 2 41321 15245 1.2 67 55 33 85 57% 77751 35 13227 302%
c -  2.90 26 146 11 16 192 2 41470 13156 1.2 67 55 33 67 57% 77751 35 13227 302%
c -  2.97 26 125 11 17 195 2 45470 13504 1.2 61 51 31 62 56% 77751 35 13227 302%
c ]  3.00 26 117 12 17 196 2 47623 15156 1.2 59 49 31 62 56% 77751 35 13227 302%
c {  3.00 26 125 12 17 196 3 47623 15156 2.1 73 36 28 39 56% 77751 35 13227 302%
c -  3.05 26 118 12 18 203 3 49593 14242 2.0 70 36 28 39 56% 77751 35 13227 302%
c e  3.12 26 110 12 18 211 3 52196 16367 1.9 67 35 28 39 56% 80216 35 11966 274%
c ^  3.12 26 110 12 18 211 3 52196 16367 1.9 67 35 28 39 56% 80216 35 11966 274%
c o  3.12 26 110 12 18 211 3 52196 12473 1.9 67 35 28 39 56% 80216 35 11966 274%
c -  3.17 26 109 12 19 220 3 53835 12028 1.9 67 36 28 39 57% 80216 35 11966 274%
c -  3.28 26 99 12 20 229 3 58195 14196 1.8 64 36 29 39 58% 80216 35 11966 274%
c u  3.33 26 98 12 20 229 2 58985 14840 1.8 63 36 29 39 58% 80216 35 11966 274%
c v  3.34 26 98 12 20 229 2 58985 14817 1.8 63 36 29 39 58% 80216 35 11966 274%
c w  3.34 26 98 12 20 229 2 58985 14817 1.8 63 36 29 39 58% 80216 35 11966 274%
c f  3.40 26 98 12 20 229 2 58985 14817 1.8 63 36 29 39 58% 80130 35 11983 274%
c u  3.42 26 98 12 20 229 2 58985 14816 1.8 63 36 29 39 58% 80130 35 11983 274%
c v  3.42 26 98 12 20 229 2 58985 14771 1.8 63 36 29 39 58% 80130 35 11983 274%
c }  3.44 26 99 13 20 232 3 59102 14881 1.8 63 36 29 39 58% 80130 35 11983 274%
c [  3.44 26 117 13 20 232 2 59102 14881 1.2 59 49 31 62 56% 80130 35 11983 274%
c
c  seconds    switched   rate         size/glue  tier1      binary       remaining
c         MB    reductions conflicts        size    tier2     irredundant
c           level   restarts     redundant     glue     trail       variables
c
c B  3.44 26 117 13 20 232 2 59102 14881 1.2 59 49 31 62 56% 80130 35 11983 274%
c -  3.54 26 114 13 21 234 2 62667 15087 1.2 61 50 31 60 57% 80130 35 11983 274%
c -  3.63 26 108 13 22 237 2 67250 14827 1.2 61 51 32 65 58% 80130 35 11983 274%
c ]  3.69 26 103 14 22 238 2 71144 17681 1.2 61 52 32 65 58% 80130 35 11983 274%
c {  3.69 26 99 14 22 238 3 71144 17681 1.8 63 36 29 39 58% 80130 35 11983 274%
c -  3.71 26 98 14 23 249 3 71943 15505 1.7 63 37 29 39 58% 80130 35 11983 274%
c -  3.82 26 92 14 24 265 2 76740 17386 1.7 61 36 29 39 58% 80130 35 11983 274%
c u  3.93 26 92 14 24 273 2 80070 20197 1.6 60 36 29 39 59% 80130 35 11983 274%
c v  3.95 26 92 14 24 273 2 80070 20185 1.6 60 36 29 39 59% 80130 35 11983 274%
c w  3.96 27 92 14 24 273 2 80070 20184 1.6 60 36 29 39 59% 80130 35 11983 274%
c -  4.02 27 95 14 25 281 3 81639 18914 1.7 60 36 29 39 59% 80130 35 11983 274%
c o  4.10 27 95 14 25 283 2 84952 21713 1.7 62 36 29 39 60% 80130 35 11983 274%
c }  4.14 27 97 15 25 288 2 85860 22495 1.8 64 36 29 39 60% 80130 35 11983 274%
c [  4.14 27 103 15 25 288 2 85860 22495 1.2 61 52 32 65 58% 80130 35 11983 274%
c W  4.14 27 103 15 25 288 2 85860 22495 1.2 61 52 32 65 58% 80130 35 11983 274%
c -  4.16 27 102 15 26 288 2 86639 20451 1.2 61 52 32 64 58% 80130 35 11983 274%
c -  4.27 27 110 15 27 292 2 91739 20337 1.2 68 58 33 67 59% 80130 35 11983 274%
c e  4.38 27 113 15 27 294 2 95918 23733 1.2 71 61 33 67 59% 86922 35 9947 227%
c ^  4.38 27 113 15 27 294 2 95918 23733 1.2 71 61 33 67 59% 86922 35 9947 227%
c -  4.41 27 115 15 28 294 2 96936 12357 1.2 72 60 34 70 60% 86922 35 9947 227%
c
c  seconds    switched   rate          size/glue  tier1      binary      remaining
c         MB    reductions conflicts         size    tier2     irredundant
c           level   restarts      redundant     glue     trail      variables
c
c I  4.50 27 118 15 28 297 2 100764 15333 1.2 74 60 34 70 61% 86922 35 9947 227%
c ]  4.50 27 120 16 28 297 2 100862 15419 1.2 74 60 34 70 61% 86922 35 9947 227%
c {  4.50 27 97 16 28 297 2 100862 15419 1.8 64 36 29 39 60% 86922 35 9947 227%
c -  4.53 27 102 16 29 300 2 102229 14339 1.8 64 36 29 39 60% 86922 35 9947 227%
c u  4.61 27 98 16 29 302 2 104711 16467 1.7 63 36 29 39 61% 86922 35 9947 227%
c v  4.63 27 98 16 29 302 2 104711 16421 1.7 63 36 29 39 61% 86922 35 9947 227%
c w  4.64 27 98 16 29 302 2 104711 16418 1.7 63 36 29 39 61% 86922 35 9947 227%
c f  4.67 27 98 16 29 302 2 104711 16418 1.7 63 36 29 39 61% 86476 35 9993 228%
c u  4.69 27 98 16 29 302 2 104711 16407 1.7 63 36 29 39 61% 86476 35 9993 228%
c v  4.70 27 98 16 29 302 2 104711 16330 1.7 63 36 29 39 61% 86476 35 9993 228%
c w  4.71 27 98 16 29 302 2 104711 16328 1.7 63 36 29 39 61% 86476 35 9993 228%
c -  4.79 27 103 16 30 321 2 107614 17075 1.7 62 36 29 39 61% 86476 35 9993 228%
c -  4.94 27 106 16 31 333 2 113092 18994 1.7 63 36 29 39 62% 86476 35 9993 228%
c -  5.08 27 106 16 32 345 2 118659 19974 1.8 64 36 29 38 63% 86476 35 9993 228%
c }  5.10 27 106 17 32 345 2 119199 20395 1.8 64 36 29 38 63% 86476 35 9993 228%
c [  5.10 27 120 17 32 345 2 119199 20395 1.2 74 60 34 70 61% 86476 35 9993 228%
c B  5.10 27 120 17 32 345 2 119199 20395 1.2 74 60 34 70 61% 86476 35 9993 228%
c -  5.21 27 125 17 33 348 2 124316 21779 1.2 71 58 33 68 62% 86476 35 9993 228%
c -  5.36 27 117 17 34 351 2 130060 23305 1.2 69 56 34 67 62% 86476 35 9993 228%
c ]  5.44 27 114 18 34 353 2 132932 25666 1.2 70 56 34 67 63% 86476 35 9993 228%
c
c  seconds    switched   rate          size/glue  tier1      binary      remaining
c         MB    reductions conflicts         size    tier2     irredundant
c           level   restarts      redundant     glue     trail      variables
c
c {  5.44 27 106 18 34 353 2 132932 25666 1.8 64 36 29 38 63% 86476 35 9993 228%
c u  5.48 27 106 18 34 353 2 132957 25664 1.8 64 36 29 38 63% 86476 35 9993 228%
c v  5.50 27 106 18 34 353 2 132957 25634 1.8 64 36 29 38 63% 86476 35 9993 228%
c w  5.52 27 106 18 34 353 2 132957 25633 1.8 64 36 29 38 63% 86476 35 9993 228%
c o  5.57 27 106 18 34 353 2 132957 25633 1.8 64 36 29 38 63% 86476 35 9993 228%
c -  5.64 27 102 18 35 353 2 135892 22562 1.8 62 35 28 38 63% 86476 35 9993 228%
c -  5.76 27 94 18 36 353 2 141810 23123 1.7 59 34 28 38 63% 86476 35 9993 228%
c -  5.90 27 87 18 37 353 2 147810 23169 1.7 56 33 27 37 63% 86476 35 9993 228%
c -  6.04 27 81 18 38 353 2 153892 26449 1.7 54 32 27 36 63% 86476 35 9993 228%
c }  6.08 27 80 19 38 353 2 155277 27632 1.7 54 32 27 36 63% 86476 35 9993 228%
c [  6.08 27 114 19 38 353 2 155277 27632 1.2 70 56 34 67 63% 86476 35 9993 228%
c W  6.09 27 114 19 38 353 2 155277 27632 1.2 70 56 34 67 63% 86476 35 9993 228%
c e  6.16 27 112 19 38 355 2 157986 29898 1.2 69 55 34 67 63% 96643 35 8332 190%
c ^  6.16 27 112 19 38 355 2 157986 29898 1.2 69 55 34 67 63% 96643 35 8332 190%
c -  6.22 27 110 19 39 356 2 160057 19050 1.2 69 55 34 65 63% 96643 35 8332 190%
c u  6.37 27 105 19 39 359 2 164930 22623 1.2 67 54 34 65 64% 96643 35 8332 190%
c v  6.38 28 105 19 39 359 2 164930 22598 1.2 67 54 34 65 64% 96643 35 8332 190%
c w  6.39 31 105 19 39 359 2 164930 22598 1.2 67 54 34 65 64% 96643 35 8332 190%
c f  6.46 31 105 19 39 359 2 164930 22598 1.2 67 54 34 65 64% 95986 35 8368 191%
c u  6.49 31 105 19 39 359 2 164930 22450 1.2 67 54 34 65 64% 95986 35 8368 191%
c
c  seconds    switched   rate          size/glue  tier1      binary      remaining
c         MB    reductions conflicts         size    tier2     irredundant
c           level   restarts      redundant     glue     trail      variables
c
c v  6.50 32 105 19 39 359 2 164930 22439 1.2 67 54 34 65 64% 95986 35 8368 191%
c w  6.51 32 105 19 39 359 2 164930 22416 1.2 67 54 34 65 64% 95986 35 8368 191%
c -  6.56 32 104 19 40 359 2 166301 23306 1.2 67 54 33 64 65% 95986 35 8368 191%
c -  6.73 32 98 19 41 363 2 172627 26365 1.2 65 53 33 63 66% 95986 35 8368 191%
c ]  6.78 32 96 20 41 365 2 174917 28089 1.2 65 52 33 63 66% 95986 35 8368 191%
c {  6.78 32 80 20 41 365 2 174917 28089 1.7 54 32 27 36 63% 95986 35 8368 191%
c -  6.89 32 78 20 42 390 2 179032 27403 1.6 53 32 26 36 64% 95986 35 8368 191%
c -  7.02 32 74 20 43 397 2 185513 28137 1.6 51 32 26 36 65% 95986 35 8368 191%
c -  7.16 32 71 20 44 419 2 192072 28501 1.6 50 32 26 36 65% 95986 35 8368 191%
c -  7.32 32 68 20 45 441 2 198706 30603 1.5 49 32 26 35 66% 95986 35 8368 191%
c u  7.41 32 67 20 45 444 2 200708 32121 1.5 49 32 26 35 66% 95986 35 8368 191%
c v  7.44 32 67 20 45 444 2 200708 31819 1.5 49 32 26 35 66% 95986 35 8368 191%
c w  7.45 32 67 20 45 444 2 200708 31741 1.5 49 32 26 35 66% 95986 35 8368 191%
c o  7.46 32 67 20 45 444 2 200708 31741 1.5 49 32 26 35 66% 95986 35 8368 191%
c }  7.49 32 69 21 45 450 2 201656 32578 1.5 49 32 26 35 66% 95986 35 8368 191%
c [  7.49 32 96 21 45 450 2 201656 32578 1.2 65 52 33 63 66% 95986 35 8368 191%
c O  7.49 32 96 21 45 450 2 201656 32578 1.2 65 52 33 63 66% 95986 35 8368 191%
c -  7.56 32 92 21 46 452 2 205415 31828 1.2 63 51 33 61 67% 95986 35 8368 191%
c -  7.70 32 87 21 47 456 1 212199 33213 1.2 60 49 32 60 68% 95986 35 8368 191%
c -  7.83 32 81 21 48 460 1 219054 34427 1.2 58 47 31 59 68% 95986 35 8368 191%
c
c  seconds   switched   rate          size/glue  tier1      binary      remaining
c         MB   reductions conflicts         size    tier2     irredundant
c          level   restarts      redundant     glue     trail      variables
c
c -  7.97 32 77 21 49 463 1 225982 35999 1.2 56 46 31 58 69% 95986 35 8368 191%
c B  8.04 32 75 21 49 464 1 229397 38581 1.2 55 45 31 58 69% 95986 35 8368 191%
c ]  8.06 32 75 22 49 464 1 230661 39571 1.2 55 45 31 58 69% 95986 35 8368 191%
c {  8.06 32 69 22 49 464 2 230661 39571 1.5 49 32 26 35 66% 95986 35 8368 191%
c -  8.12 32 68 22 50 467 2 232983 37426 1.5 49 32 26 35 67% 95986 35 8368 191%
c -  8.35 32 106 22 51 526 2 240054 38958 1.5 49 32 26 36 68% 95986 35 8368 191%
c e  8.36 32 106 22 51 526 2 240089 38975 1.5 49 32 26 36 68% 111253 35 7086 162%
c !  8.36 32 106 22 51 526 2 240089 38975 1.5 49 32 26 36 68% 111253 35 7086 162%
c u  8.41 32 108 22 51 532 2 240362 17360 1.5 49 33 26 36 68% 111253 35 7086 162%
c v  8.42 32 108 22 51 532 2 240362 17176 1.5 49 33 26 36 68% 111253 35 7086 162%
c w  8.43 32 108 22 51 532 2 240362 17163 1.5 49 33 26 36 68% 111253 35 7086 162%
c f  8.49 32 108 22 51 532 2 240362 17163 1.5 49 33 26 36 68% 100843 35 7595 174%
c u  8.53 32 108 22 51 532 2 240362 16790 1.5 49 33 26 36 68% 100843 35 7595 174%
c v  8.54 32 108 22 51 532 2 240362 16774 1.5 49 33 26 36 68% 100843 35 7595 174%
c w  8.55 32 108 22 51 532 2 240362 16767 1.5 49 33 26 36 68% 100843 35 7595 174%
c -  8.76 32 140 22 52 571 2 247195 20088 1.5 48 33 26 36 69% 100843 35 7595 174%
c -  8.97 32 170 22 53 621 3 254406 24562 1.4 47 33 26 36 70% 100843 35 7595 174%
c -  9.20 32 194 22 54 671 3 261687 26568 1.4 47 33 26 36 72% 100843 35 7595 174%
c }  9.22 32 196 23 54 678 3 262177 26986 1.4 47 33 26 36 72% 100843 35 7595 174%
c [  9.22 32 75 23 54 678 1 262177 26986 1.2 55 45 31 58 69% 100843 35 7595 174%
c
c  seconds   switched   rate          size/glue  tier1       binary      remaining
c         MB   reductions conflicts         size    tier2      irredundant
c          level   restarts      redundant     glue     trail       variables
c
c W  9.22 32 75 23 54 678 1 262177 26986 1.2 55 45 31 58 69% 100843 35 7595 174%
c o  9.22 32 75 23 54 678 1 262177 26986 1.2 55 45 31 58 69% 100843 35 7595 174%
c -  9.35 32 80 23 55 683 1 269035 26263 1.2 57 47 31 58 70% 100843 35 7595 174%
c -  9.47 32 77 23 56 686 1 276451 26640 1.2 56 47 31 58 70% 100843 35 7595 174%
c -  9.60 32 74 23 57 691 1 283935 27980 1.2 55 46 32 57 70% 100843 35 7595 174%
c u  9.64 32 74 23 57 691 1 283989 27986 1.2 55 46 32 57 70% 100843 35 7595 174%
c v  9.66 32 74 23 57 691 1 283989 27946 1.2 55 46 32 57 70% 100843 35 7595 174%
c w  9.67 32 74 23 57 691 1 283989 27945 1.2 55 46 32 57 70% 100843 35 7595 174%
c ]  9.74 32 74 24 57 691 1 284111 28038 1.2 55 46 32 57 70% 100843 35 7595 174%
c {  9.74 32 196 24 57 691 3 284111 28038 1.4 47 33 26 36 72% 100843 35 7595 174%
c -  9.89 32 182 24 58 719 3 291485 29246 1.4 46 33 26 36 72% 100843 35 7595 174%
c - 10.04 32 169 24 59 756 3 299100 29401 1.4 45 33 26 36 72% 100843 35 7595 174%
c - 10.18 32 158 24 60 819 3 306781 29604 1.3 45 33 26 36 71% 100843 35 7595 174%
c - 10.40 32 148 24 61 887 2 314527 29698 1.3 44 33 26 36 71% 100843 35 7595 174%
c } 10.50 32 140 25 61 894 2 320788 34203 1.3 44 33 26 36 71% 100843 35 7595 174%
c [ 10.50 32 74 25 61 894 1 320788 34203 1.2 55 46 32 57 70% 100843 35 7595 174%
c I 10.50 32 74 25 61 894 1 320788 34203 1.2 55 46 32 57 70% 100843 35 7595 174%
c - 10.53 32 87 25 62 895 1 322339 31192 1.2 55 46 32 57 71% 100843 35 7595 174%
c - 10.68 32 82 25 63 900 1 330213 32100 1.2 53 45 31 56 72% 100843 35 7595 174%
c u 10.75 32 81 25 63 900 1 331642 33128 1.2 53 44 31 56 72% 100843 35 7595 174%
c
c  seconds   switched   rate          size/glue  tier1       binary      remaining
c         MB   reductions conflicts         size    tier2      irredundant
c          level   restarts      redundant     glue     trail       variables
c
c v 10.78 32 81 25 63 900 1 331642 30286 1.2 53 44 31 56 72% 100843 35 7595 174%
c w 10.80 32 81 25 63 900 1 331642 29969 1.2 53 44 31 56 72% 100843 35 7595 174%
c - 10.99 32 78 25 64 904 1 338151 32447 1.2 52 43 31 55 73% 100843 35 7595 174%
c e 11.09 32 75 25 64 907 1 343858 36350 1.2 51 42 31 55 73% 102713 35 7431 170%
c o 11.09 32 75 25 64 907 1 343858 29153 1.2 51 42 31 55 73% 102713 35 7431 170%
c - 11.15 32 85 25 65 908 1 346152 28259 1.2 54 46 31 56 74% 102713 35 7431 170%
c - 11.30 32 90 25 66 908 1 354215 27389 1.2 58 49 31 60 74% 102713 35 7431 170%
c B 11.39 32 93 25 66 913 1 360228 31713 1.2 61 51 31 60 75% 102713 35 7431 170%
c - 11.43 32 94 25 67 914 1 362339 26298 1.2 61 51 31 63 75% 102713 35 7431 170%
c - 11.55 32 90 25 68 918 1 370528 27412 1.2 59 50 31 62 76% 102713 35 7431 170%
c - 11.70 32 86 25 69 922 1 378776 28330 1.2 58 49 32 62 77% 102713 35 7431 170%
c u 11.81 32 84 25 69 923 1 383393 30831 1.2 58 49 32 62 77% 102713 35 7431 170%
c v 11.83 32 84 25 69 923 1 383393 30580 1.2 58 49 32 62 77% 102713 35 7431 170%
c w 11.85 32 84 25 69 923 1 383393 30579 1.2 58 49 32 62 77% 102713 35 7431 170%
c f 11.92 32 84 25 69 923 1 383393 30579 1.2 58 49 32 62 77% 100939 35 7525 172%
c u 11.96 32 84 25 69 923 1 383393 30550 1.2 58 49 32 62 77% 100939 35 7525 172%
c v 11.98 32 84 25 69 923 1 383393 30519 1.2 58 49 32 62 77% 100939 35 7525 172%
c w 12.00 32 84 25 69 923 1 383393 30518 1.2 58 49 32 62 77% 100939 35 7525 172%
c ] 12.05 32 83 26 69 923 1 385552 32048 1.2 58 48 32 62 77% 100939 35 7525 172%
c { 12.05 32 140 26 69 923 2 385552 32048 1.3 44 33 26 36 71% 100939 35 7525 172%
c
c  seconds    switched   rate          size/glue  tier1       binary      remaining
c         MB    reductions conflicts         size    tier2      irredundant
c           level   restarts      redundant     glue     trail       variables
c
c - 12.10 32 138 26 70 952 2 387082 28284 1.3 44 34 26 36 72% 100939 35 7525 172%
c - 12.52 32 130 26 71 1056 2 395451 29133 1.3 44 34 27 36 73% 100939 35 7525 172%
c - 12.93 32 123 26 72 1209 2 403877 30026 1.3 45 35 27 37 74% 100939 35 7525 172%
c - 13.35 32 116 26 73 1355 2 412363 30076 1.3 45 36 27 38 75% 100939 35 7525 172%
c - 13.54 32 109 26 74 1423 2 420907 30583 1.3 45 36 28 38 76% 100939 35 7525 172%
c } 13.68 32 105 27 74 1447 2 427770 36252 1.3 45 36 28 38 76% 100939 35 7525 172%
c [ 13.68 32 83 27 74 1447 1 427770 36252 1.2 58 48 32 62 77% 100939 35 7525 172%
c W 13.69 32 83 27 74 1447 1 427770 36252 1.2 58 48 32 62 77% 100939 35 7525 172%
c o 13.69 32 83 27 74 1447 1 427770 36252 1.2 58 48 32 62 77% 100939 35 7525 172%
c - 13.73 32 88 27 75 1448 1 429509 29369 1.2 59 49 32 62 77% 100939 35 7525 172%
c - 13.89 37 91 27 76 1453 1 438170 27824 1.3 64 50 32 62 78% 100939 35 7525 172%
c u 13.97 37 91 27 76 1453 1 439298 28415 1.3 64 50 32 62 78% 100939 35 7525 172%
c v 14.02 47 91 27 76 1453 1 439298 28335 1.3 64 50 32 62 78% 100939 35 7525 172%
c w 14.05 47 91 27 76 1453 1 439298 28301 1.3 64 50 32 62 78% 100939 35 7525 172%
c - 14.20 47 88 27 77 1459 1 446890 27315 1.3 63 49 32 62 78% 100939 35 7525 172%
c - 14.37 47 84 27 78 1461 1 455667 28706 1.3 62 48 32 61 78% 100939 35 7525 172%
c - 14.52 47 81 27 79 1464 1 464498 29683 1.3 60 48 33 60 78% 100939 35 7525 172%
c e 14.63 47 78 27 79 1468 1 470711 33568 1.3 59 47 33 60 78% 101338 35 7493 171%
c - 14.69 47 77 27 80 1468 1 473389 29240 1.3 59 47 33 59 78% 101338 35 7493 171%
c O 14.72 47 76 27 80 1470 1 475934 31056 1.2 58 47 33 59 78% 101338 35 7493 171%
c
c  seconds   switched    rate          size/glue  tier1       binary      remaining
c         MB   reductions  conflicts         size    tier2      irredundant
c          level    restarts      redundant     glue     trail       variables
c
c - 14.82 47 74 27 81 1474 1 482333 30217 1.2 57 46 33 58 78% 101338 35 7493 171%
c - 14.95 47 72 27 82 1476 1 491334 29983 1.2 56 45 33 57 78% 101338 35 7493 171%
c u 15.10 47 69 27 82 1477 1 499424 34445 1.2 55 44 33 57 79% 101338 35 7493 171%
c v 15.13 47 69 27 82 1477 1 499424 27333 1.2 55 44 33 57 79% 101338 35 7493 171%
c w 15.14 47 69 27 82 1477 1 499424 25090 1.2 55 44 33 57 79% 101338 35 7493 171%
c f 15.16 47 69 27 82 1477 1 499424 25090 1.2 55 44 33 57 79% 101082 35 7507 172%
c u 15.20 47 69 27 82 1477 1 499424 24775 1.2 55 44 33 57 79% 101082 35 7507 172%
c v 15.22 47 69 27 82 1477 1 499424 24094 1.2 55 44 33 57 79% 101082 35 7507 172%
c w 15.23 47 69 27 82 1477 1 499424 23756 1.2 55 44 33 57 79% 101082 35 7507 172%
c - 15.26 47 69 27 83 1477 1 500390 20684 1.2 54 44 32 57 79% 101082 35 7507 172%
c - 15.38 47 67 27 84 1477 1 509500 25029 1.2 53 43 32 56 79% 101082 35 7507 172%
c - 15.52 47 65 27 85 1482 1 518666 29189 1.2 53 43 32 55 79% 101082 35 7507 172%
c - 15.68 47 63 27 86 1487 1 527885 30637 1.2 52 42 32 54 79% 101082 35 7507 172%
c B 15.70 47 63 27 86 1487 1 528721 31229 1.2 51 42 32 54 79% 101082 35 7507 172%
c o 15.70 47 63 27 86 1487 1 528721 31229 1.2 51 42 32 54 79% 101082 35 7507 172%
c - 15.86 47 69 27 87 1491 1 537160 31466 1.3 57 43 32 54 79% 101082 35 7507 172%
c - 16.05 48 72 27 88 1493 1 546488 31783 1.4 62 43 32 54 80% 101082 35 7507 172%
c - 16.37 50 74 27 89 1499 1 555871 31271 1.5 66 45 32 55 80% 101082 35 7507 172%
c ] 16.38 50 75 28 89 1499 1 556097 31460 1.5 66 45 32 55 80% 101082 35 7507 172%
c { 16.38 50 105 28 89 1499 2 556097 31460 1.3 45 36 28 38 76% 101082 35 7507 172%
c
c  seconds    switched    rate          size/glue  tier1       binary      remaining
c         MB    reductions  conflicts         size    tier2      irredundant
c           level    restarts      redundant     glue     trail       variables
c
c u 16.61 50 103 28 89 1523 2 563826 37716 1.3 46 36 28 38 77% 101082 35 7507 172%
c v 16.65 50 103 28 89 1523 2 563826 37670 1.3 46 36 28 38 77% 101082 35 7507 172%
c w 16.69 51 103 28 89 1523 2 563826 37670 1.3 46 36 28 38 77% 101082 35 7507 172%
c - 16.78 51 103 28 90 1534 2 565304 32891 1.3 46 36 28 38 77% 101082 35 7507 172%
c - 16.96 51 98 28 91 1572 2 574793 34406 1.3 46 36 28 38 78% 101082 35 7507 172%
c - 17.11 51 93 28 92 1575 2 584334 34547 1.3 45 36 28 38 78% 101082 35 7507 172%
c - 17.26 51 88 28 93 1575 2 593927 34025 1.2 44 36 28 38 78% 101082 35 7507 172%
c - 17.47 51 84 28 94 1641 2 603571 35046 1.2 44 36 28 38 79% 101082 35 7507 172%
c } 17.48 51 83 29 94 1648 2 604236 35565 1.2 44 36 28 38 79% 101082 35 7507 172%
c [ 17.48 51 75 29 94 1648 1 604236 35565 1.5 66 45 32 55 80% 101082 35 7507 172%
c W 17.49 51 75 29 94 1648 1 604236 35565 1.5 66 45 32 55 80% 101082 35 7507 172%
c - 17.62 51 73 29 95 1654 1 613270 35501 1.5 65 44 32 54 79% 101082 35 7507 172%
c e 17.75 51 72 29 95 1658 2 622112 41780 1.5 64 44 32 54 80% 101186 35 7498 171%
c - 17.78 51 72 29 96 1659 2 623016 34812 1.5 64 44 32 53 80% 101186 35 7498 171%
c u 17.98 51 70 29 96 1662 2 632555 42081 1.4 63 44 32 53 80% 101186 35 7498 171%
c v 18.01 51 70 29 96 1662 2 632555 39492 1.4 63 44 32 53 80% 101186 35 7498 171%
c w 18.04 51 70 29 96 1662 2 632555 39491 1.4 63 44 32 53 80% 101186 35 7498 171%
c f 18.05 51 70 29 96 1662 2 632555 39491 1.4 63 44 32 53 80% 101099 35 7503 171%
c u 18.10 51 70 29 96 1662 2 632555 39403 1.4 63 44 32 53 80% 101099 35 7503 171%
c v 18.14 51 70 29 96 1662 2 632555 39121 1.4 63 44 32 53 80% 101099 35 7503 171%
c
c  seconds   switched    rate          size/glue  tier1       binary      remaining
c         MB   reductions  conflicts         size    tier2      irredundant
c          level    restarts      redundant     glue     trail       variables
c
c w 18.16 51 70 29 96 1662 2 632555 38780 1.4 63 44 32 53 80% 101099 35 7503 171%
c o 18.17 51 70 29 96 1662 2 632555 38780 1.4 63 44 32 53 80% 101099 35 7503 171%
c - 18.19 51 71 29 97 1662 2 632814 31525 1.4 63 44 32 53 80% 101099 35 7503 171%
c - 18.49 51 91 29 98 1666 2 642662 28038 1.3 70 52 32 57 80% 101099 35 7503 171%
c - 18.63 51 88 29 99 1671 2 652566 27431 1.3 69 53 32 57 80% 101099 35 7503 171%
c ] 18.78 51 85 30 99 1676 2 662415 34268 1.3 68 52 32 57 80% 101099 35 7503 171%
c { 18.78 51 83 30 99 1676 2 662415 34268 1.2 44 36 28 38 79% 101099 35 7503 171%
c - 18.79 51 83 30 100 1677 2 662515 31590 1.2 44 36 28 38 79% 101099 35 7503 171%
c - 18.99 51 80 30 101 1733 2 672515 34372 1.2 44 36 28 38 79% 101099 35 7503 171%
c - 19.21 51 76 30 102 1745 2 682566 35829 1.2 44 36 28 38 79% 101099 35 7503 171%
c - 19.47 51 73 30 103 1798 2 692665 36709 1.2 44 36 28 39 79% 101099 35 7503 171%
c - 19.72 51 71 30 104 1817 2 702815 38065 1.2 44 36 29 38 79% 101099 35 7503 171%
c u 19.86 51 70 30 104 1828 2 705656 40111 1.2 44 36 29 38 79% 101099 35 7503 171%
c v 19.90 52 70 30 104 1828 2 705656 31258 1.2 44 36 29 38 79% 101099 35 7503 171%
c w 19.91 53 70 30 104 1828 2 705656 31199 1.2 44 36 29 38 79% 101099 35 7503 171%
c - 20.05 53 69 30 105 1845 2 713013 33965 1.2 43 36 29 38 79% 101099 35 7503 171%
c } 20.10 53 68 31 105 1845 2 716849 36738 1.2 43 36 29 38 79% 101099 35 7503 171%
c [ 20.10 53 85 31 105 1845 2 716849 36738 1.3 68 52 32 57 80% 101099 35 7503 171%
c I 20.10 53 85 31 105 1845 2 716849 36738 1.3 68 52 32 57 80% 101099 35 7503 171%
c - 20.20 53 93 31 106 1850 2 723259 38305 1.3 67 51 33 56 80% 101099 35 7503 171%
c
c  seconds   switched     rate          size/glue  tier1       binary      remaining
c         MB   reductions   conflicts         size    tier2      irredundant
c          level     restarts      redundant     glue     trail       variables
c
c - 20.37 53 87 31 107 1854 1 733554 39330 1.3 64 49 32 55 80% 101099 35 7503 171%
c - 20.64 53 83 31 108 1859 1 743899 41440 1.3 62 48 32 55 81% 101099 35 7503 171%
c - 20.87 53 79 31 109 1862 1 754292 44209 1.3 60 47 32 54 81% 101099 35 7503 171%
c ] 21.04 53 77 32 109 1866 1 760204 48464 1.3 59 46 32 54 81% 101099 35 7503 171%
c { 21.04 53 68 32 109 1866 2 760204 48464 1.2 43 36 29 38 79% 101099 35 7503 171%
c - 21.19 53 66 32 110 1866 2 764733 44659 1.2 43 36 28 38 79% 101099 35 7503 171%
c - 21.55 53 65 32 111 1942 2 775223 46786 1.2 43 36 28 38 80% 101099 35 7503 171%
c u 21.87 53 63 32 111 2045 2 783182 49831 1.2 43 36 28 38 80% 101099 35 7503 171%
c v 21.92 53 63 32 111 2045 2 783182 43572 1.2 43 36 28 38 80% 101099 35 7503 171%
c w 21.95 54 63 32 111 2045 2 783182 42797 1.2 43 36 28 38 80% 101099 35 7503 171%
c o 21.97 54 63 32 111 2045 2 783182 42797 1.2 43 36 28 38 80% 101099 35 7503 171%
c - 22.04 54 66 32 112 2058 2 785758 42818 1.2 44 36 28 39 80% 101099 35 7503 171%
c - 22.29 54 70 32 113 2092 2 796341 47852 1.2 43 36 29 39 80% 101099 35 7503 171%
c - 22.64 54 82 32 114 2111 2 806971 49989 1.2 43 36 29 39 81% 101099 35 7503 171%
c - 22.91 54 91 32 115 2146 2 817648 51730 1.2 43 36 29 39 81% 101099 35 7503 171%
c } 23.01 54 94 33 115 2156 2 821308 54468 1.2 43 36 29 39 81% 101099 35 7503 171%
c [ 23.01 54 77 33 115 2156 1 821308 54468 1.3 59 46 32 54 81% 101099 35 7503 171%
c B 23.01 54 77 33 115 2156 1 821308 54468 1.3 59 46 32 54 81% 101099 35 7503 171%
c - 23.18 55 95 33 116 2161 1 828374 51935 1.3 63 49 32 55 81% 101099 35 7503 171%
c - 23.40 55 98 33 117 2166 1 839147 50114 1.3 65 52 32 56 81% 101099 35 7503 171%
c
c  seconds   switched     rate          size/glue  tier1       binary      remaining
c         MB   reductions   conflicts         size    tier2      irredundant
c          level     restarts      redundant     glue     trail       variables
c
c - 23.63 55 97 33 118 2170 1 849964 50712 1.3 65 52 32 56 81% 101099 35 7503 171%
c - 23.87 55 95 33 119 2174 1 860829 53236 1.2 65 52 32 56 81% 101099 35 7503 171%
c u 24.06 55 94 33 119 2177 1 865184 56378 1.2 65 52 32 56 81% 101099 35 7503 171%
c v 24.10 55 94 33 119 2177 1 865184 56365 1.2 65 52 32 56 81% 101099 35 7503 171%
c w 24.14 55 94 33 119 2177 1 865184 56365 1.2 65 52 32 56 81% 101099 35 7503 171%
c ] 24.31 55 92 34 119 2180 1 871395 61177 1.2 65 52 32 56 81% 101099 35 7503 171%
c { 24.31 55 94 34 119 2180 2 871395 61177 1.2 43 36 29 39 81% 101099 35 7503 171%
c - 24.33 55 94 34 120 2181 2 871737 55429 1.2 43 36 29 39 81% 101099 35 7503 171%
c - 24.53 55 88 34 121 2181 2 882691 55239 1.2 43 35 28 38 81% 101099 35 7503 171%
c - 24.75 55 82 34 122 2181 2 893693 56937 1.3 43 34 28 38 81% 101099 35 7503 171%
c - 24.96 55 77 34 123 2181 2 904738 62445 1.3 43 33 28 38 81% 101099 35 7503 171%
c - 25.19 55 73 34 124 2181 1 915829 68824 1.3 43 33 28 38 82% 101099 35 7503 171%
c - 25.43 56 69 34 125 2181 1 926964 74447 1.3 43 32 28 38 82% 101099 35 7503 171%
c - 25.69 57 65 34 126 2181 1 938144 82076 1.4 44 32 28 37 82% 101099 35 7503 171%
c } 25.72 57 65 35 126 2181 1 939543 83394 1.4 44 32 28 37 82% 101099 35 7503 171%
c [ 25.72 57 92 35 126 2181 1 939543 83394 1.2 65 52 32 56 81% 101099 35 7503 171%
c W 25.74 57 92 35 126 2181 1 939543 83394 1.2 65 52 32 56 81% 101099 35 7503 171%
c o 25.74 57 92 35 126 2181 1 939543 83394 1.2 65 52 32 56 81% 101099 35 7503 171%
c - 25.90 58 91 35 127 2187 1 949369 86591 1.2 64 52 33 56 80% 101099 35 7503 171%
c u 26.08 94 90 35 127 2187 1 951711 88071 1.2 63 51 33 56 80% 101099 35 7503 171%
c
c  seconds   switched     rate          size/glue  tier1       binary      remaining
c         MB   reductions   conflicts         size    tier2      irredundant
c          level     restarts      redundant     glue     trail       variables
c
c v 26.13 96 90 35 127 2187 1 951711 88022 1.2 63 51 33 56 80% 101099 35 7503 171%
c w 26.15 99 90 35 127 2187 1 951711 87932 1.2 63 51 33 56 80% 101099 35 7503 171%
c - 26.31 79 88 35 128 2193 1 960639 91122 1.2 62 50 32 55 80% 101099 35 7503 171%
c - 26.49 80 87 35 129 2195 2 971953 93633 1.2 60 49 32 55 79% 101099 35 7503 171%
c - 26.79 81 85 35 130 2202 2 983310 94984 1.2 59 49 32 55 79% 101099 35 7503 171%
c - 27.00 81 81 35 131 2208 2 994712 96752 1.2 58 48 32 54 78% 101099 35 7503 171%
c - 27.18 82 77 35 132 2210 2 1006157 98980 1.2 56 46 32 54 78% 101099 35 7503 171%
c ] 27.26 82 75 36 132 2211 2 1011482 102591 1.2 55 46 32 54 77% 101099 35 7503 171%
c { 27.26 82 65 36 132 2211 1 1011482 102591 1.4 44 32 28 37 82% 101099 35 7503 171%
c - 27.39 83 64 36 133 2276 1 1017649 87169 1.4 44 32 27 37 81% 101099 35 7503 171%
c - 27.59 78 61 36 134 2357 1 1029182 85259 1.3 43 32 27 37 81% 101099 35 7503 171%
c - 27.79 81 60 36 135 2377 1 1040759 84733 1.3 42 32 27 37 81% 101099 35 7503 171%
c u 27.95 85 60 36 135 2390 1 1042812 86300 1.3 42 32 27 37 81% 101099 35 7503 171%
c v 28.01 102 60 36 135 2390 1 1042812 86288 1.3 42 32 27 37 81% 101099 35 7503 171%
c w 28.02 102 60 36 135 2390 1 1042812 86281 1.3 42 32 27 37 81% 101099 35 7503 171%
c - 28.23 81 60 36 136 2545 2 1052377 86437 1.3 43 33 27 37 80% 101099 35 7503 171%
c - 28.59 82 58 36 137 2656 2 1064038 88318 1.3 43 33 27 37 80% 101099 35 7503 171%
c - 28.80 83 57 36 138 2755 2 1075742 89867 1.3 43 33 27 37 80% 101099 35 7503 171%
c } 29.07 83 56 37 138 2891 2 1087041 98023 1.3 43 34 27 37 80% 101099 35 7503 171%
c [ 29.07 83 75 37 138 2891 2 1087041 98023 1.2 55 46 32 54 77% 101099 35 7503 171%
c
c  seconds   switched     rate           size/glue  tier1       binary      remaining
c         MB   reductions    conflicts         size    tier2      irredundant
c          level     restarts       redundant     glue     trail       variables
c
c O 29.07 83 75 37 138 2891 2 1087041 98023 1.2 55 46 32 54 77% 101099 35 7503 171%
c o 29.07 83 75 37 138 2891 2 1087041 98023 1.2 55 46 32 54 77% 101099 35 7503 171%
c - 29.09 85 75 37 139 2891 2 1087489 90375 1.2 55 46 32 53 77% 101099 35 7503 171%
c - 29.25 78 72 37 140 2897 2 1099278 91086 1.2 54 45 32 53 77% 101099 35 7503 171%
c - 29.42 79 69 37 141 2904 1 1111111 89276 1.2 53 44 32 53 76% 101099 35 7503 171%
c - 29.61 79 67 37 142 2906 1 1122985 87232 1.2 52 43 32 52 75% 101099 35 7503 171%
c - 29.84 80 65 37 143 2912 1 1134901 85925 1.2 52 44 32 52 75% 101099 35 7503 171%
c u 30.06 94 65 37 143 2915 1 1138515 88084 1.2 52 44 32 52 75% 101099 35 7503 171%
c v 30.12 97 65 37 143 2915 1 1138515 87043 1.2 52 44 32 52 75% 101099 35 7503 171%
c w 30.16 100 65 37 143 2915 1 1138515 86955 1.2 52 44 32 52 75% 101099 35 7503 171%
c - 30.72 80 63 37 144 2919 1 1146860 84807 1.2 51 43 32 52 74% 101099 35 7503 171%
c - 30.96 81 62 37 145 2921 1 1158860 84967 1.2 51 43 32 52 74% 101099 35 7503 171%
c ] 30.97 81 62 38 145 2921 1 1159905 85580 1.2 51 43 32 52 74% 101099 35 7503 171%
c { 30.97 81 56 38 145 2921 2 1159905 85580 1.3 43 34 27 37 80% 101099 35 7503 171%
c - 31.66 82 56 38 146 3128 2 1170901 82738 1.2 44 36 27 38 79% 101099 35 7503 171%
c - 32.64 82 56 38 147 3356 2 1182984 81412 1.2 45 37 28 39 78% 101099 35 7503 171%
c - 33.66 80 56 38 148 3584 1 1195108 80376 1.2 46 39 28 40 77% 101099 35 7503 171%
c - 34.50 82 55 38 149 3756 1 1207273 80779 1.2 47 40 28 41 76% 101099 35 7503 171%
c - 35.47 81 56 38 150 3980 1 1219480 82219 1.2 48 41 28 42 75% 101099 35 7503 171%
c - 36.60 83 56 38 151 4193 1 1231729 79640 1.2 49 42 28 42 75% 101099 35 7503 171%
c
c  seconds   switched     rate           size/glue  tier1       binary      remaining
c         MB   reductions    conflicts         size    tier2      irredundant
c          level     restarts       redundant     glue     trail       variables
c
c u 37.32 96 56 38 151 4322 1 1238866 83917 1.1 49 43 28 42 74% 101099 35 7503 171%
c v 37.50 99 56 38 151 4322 1 1238866 83478 1.1 49 43 28 42 74% 101099 35 7503 171%
c w 37.58 103 56 38 151 4322 1 1238866 83237 1.1 49 43 28 42 74% 101099 35 7503 171%
c o 37.63 103 56 38 151 4322 1 1238866 83237 1.1 49 43 28 42 74% 101099 35 7503 171%
c } 37.75 79 74 39 151 4336 2 1243238 86720 1.1 49 43 28 42 75% 101099 35 7503 171%
c [ 37.75 79 62 39 151 4336 1 1243238 86720 1.2 51 43 32 52 74% 101099 35 7503 171%
c B 37.75 79 62 39 151 4336 1 1243238 86720 1.2 51 43 32 52 74% 101099 35 7503 171%
c - 37.78 79 68 39 152 4336 1 1244018 75784 1.2 52 44 32 52 74% 101099 35 7503 171%
c - 38.00 81 71 39 153 4343 1 1256347 70988 1.2 52 44 32 52 75% 101099 35 7503 171%
c - 38.25 81 70 39 154 4350 1 1268717 65651 1.2 52 44 32 52 76% 101099 35 7503 171%
c - 38.50 82 68 39 155 4353 1 1281127 61766 1.2 52 44 32 51 76% 101099 35 7503 171%
c - 38.80 78 66 39 156 4360 1 1293579 57540 1.2 51 43 32 51 77% 101099 35 7503 171%
c - 39.12 79 65 39 157 4365 1 1306069 49651 1.2 51 43 32 51 77% 101099 35 7503 171%
c - 39.39 42 64 39 158 4366 1 1318598 45294 1.2 52 44 32 51 77% 101099 35 7503 171%
c - 39.63 45 63 39 159 4369 1 1331167 44389 1.2 52 44 32 51 77% 101099 35 7503 171%
c W 39.73 39 63 39 159 4370 1 1333039 45786 1.2 52 44 32 51 77% 101099 35 7503 171%
c - 39.88 39 66 39 160 4376 1 1343776 45793 1.2 51 44 32 51 78% 101099 35 7503 171%
c u 39.97 39 66 39 160 4376 1 1343918 45445 1.2 51 44 32 51 78% 101099 35 7503 171%
c v 40.04 48 66 39 160 4376 1 1343918 45047 1.2 51 44 32 51 78% 101099 35 7503 171%
c w 40.07 48 66 39 160 4376 1 1343918 44653 1.2 51 44 32 51 78% 101099 35 7503 171%
c
c  seconds   switched     rate           size/glue  tier1       binary      remaining
c         MB   reductions    conflicts         size    tier2      irredundant
c          level     restarts       redundant     glue     trail       variables
c
c - 40.25 48 64 39 161 4381 1 1356426 44852 1.2 51 43 32 50 78% 101099 35 7503 171%
c - 40.47 48 63 39 162 4387 1 1369114 44008 1.2 51 43 33 50 79% 101099 35 7503 171%
c - 40.71 48 63 39 163 4394 1 1381842 41606 1.2 51 44 33 51 79% 101099 35 7503 171%
c - 40.94 48 62 39 164 4396 1 1394610 37855 1.2 52 45 33 51 80% 101099 35 7503 171%
c - 41.22 48 62 39 165 4397 1 1407418 34921 1.2 53 45 33 51 80% 101099 35 7503 171%
c - 41.49 48 61 39 166 4398 1 1420264 33016 1.2 53 46 33 51 81% 101099 35 7503 171%
c I 41.64 48 60 39 166 4398 1 1428753 39231 1.2 53 46 33 51 81% 101099 35 7503 171%
c o 41.65 48 60 39 166 4398 1 1428753 39231 1.2 53 46 33 51 81% 101099 35 7503 171%
c - 41.76 49 90 39 167 4398 1 1433151 31697 1.1 59 52 33 51 81% 101099 35 7503 171%
c - 42.07 62 162 39 168 4398 1 1446076 23066 1.1 78 71 33 53 81% 101099 35 7503 171%
c u 42.29 62 164 39 168 4404 1 1453672 24980 1.1 82 72 33 53 81% 101099 35 7503 171%
c v 42.34 62 164 39 168 4404 1 1453672 24786 1.1 82 72 33 53 81% 101099 35 7503 171%
c w 42.39 62 164 39 168 4404 1 1453672 24596 1.1 82 72 33 53 81% 101099 35 7503 171%
c - 42.50 58 158 39 169 4405 1 1459039 17193 1.1 80 70 33 53 81% 101099 35 7503 171%
c - 42.77 59 145 39 170 4413 1 1472039 22632 1.1 76 66 33 53 81% 101099 35 7503 171%
c - 43.01 60 133 39 171 4417 1 1485078 27029 1.1 72 63 33 52 81% 101099 35 7503 171%
c - 43.27 61 122 39 172 4424 1 1498157 28962 1.1 69 60 33 52 81% 101099 35 7503 171%
c - 43.55 61 113 39 173 4428 1 1511271 29832 1.1 66 58 33 52 81% 101099 35 7503 171%
c - 43.83 62 105 39 174 4429 1 1524428 30143 1.1 63 56 33 52 81% 101099 35 7503 171%
c B 43.94 62 102 39 174 4429 1 1530530 34626 1.1 62 55 33 52 81% 101099 35 7503 171%
c
c  seconds    switched     rate           size/glue  tier1       binary      remaining
c         MB    reductions    conflicts         size    tier2      irredundant
c           level     restarts       redundant     glue     trail       variables
c
c - 44.09 62 104 39 175 4435 1 1537618 29617 1.1 63 55 33 52 81% 101099 35 7503 171%
c - 44.36 62 98 39 176 4442 1 1550846 28022 1.1 62 54 33 52 81% 101099 35 7503 171%
c - 44.71 62 92 39 177 4444 1 1564114 27790 1.1 61 53 33 52 81% 101099 35 7503 171%
c u 44.85 62 91 39 177 4447 1 1568199 29522 1.2 61 53 33 52 81% 101099 35 7503 171%
c v 44.93 65 91 39 177 4447 1 1568199 28902 1.2 61 53 33 52 81% 101099 35 7503 171%
c w 44.98 68 91 39 177 4447 1 1568199 24324 1.2 61 53 33 52 81% 101099 35 7503 171%
c - 45.19 68 87 39 178 4452 1 1577419 25610 1.2 60 52 33 52 81% 101099 35 7503 171%
c - 45.58 68 82 39 179 4459 1 1590763 29257 1.2 59 51 33 51 81% 101099 35 7503 171%
c - 45.89 69 78 39 180 4460 1 1604142 29960 1.2 58 50 33 51 81% 101099 35 7503 171%
c - 46.20 69 75 39 181 4461 1 1617559 31107 1.2 57 49 34 51 81% 101099 35 7503 171%
c - 46.47 69 73 39 182 4461 1 1631013 29455 1.2 58 49 34 51 81% 101099 35 7503 171%
c W 46.72 30 71 39 182 4461 1 1638517 34877 1.2 57 49 34 51 81% 101099 35 7503 171%
c o 46.72 30 71 39 182 4461 1 1638517 34877 1.2 57 49 34 51 81% 101099 35 7503 171%
c - 46.89 33 108 39 183 4461 1 1644504 24275 1.1 68 60 34 52 82% 101099 35 7503 171%
c - 47.13 33 133 39 184 4462 1 1658032 22465 1.2 74 63 34 52 82% 101099 35 7503 171%
c - 47.46 33 142 39 185 4462 1 1671598 18748 1.2 77 65 34 53 82% 101099 35 7503 171%
c - 47.86 24 150 39 186 4462 1 1685201 15873 1.2 84 71 34 54 83% 101099 35 7503 171%
c u 47.99 25 151 39 186 4462 1 1687525 16747 1.2 85 72 34 54 83% 101099 35 7503 171%
c v 48.07 33 151 39 186 4462 1 1687525 16366 1.2 85 72 34 54 83% 101099 35 7503 171%
c w 48.10 34 151 39 186 4462 1 1687525 16197 1.2 85 72 34 54 83% 101099 35 7503 171%
c
c  seconds    switched     rate           size/glue  tier1       binary      remaining
c         MB    reductions    conflicts         size    tier2      irredundant
c           level     restarts       redundant     glue     trail       variables
c
c ] 48.13 34 151 40 186 4462 1 1688648 17071 1.2 85 71 34 54 83% 101099 35 7503 171%
c { 48.13 34 74 40 186 4462 2 1688648 17071 1.1 49 43 28 42 75% 101099 35 7503 171%
c - 48.36 37 75 40 187 4493 2 1698840 17809 1.2 50 42 28 43 76% 101099 35 7503 171%
c - 48.68 37 72 40 188 4534 2 1712514 23882 1.2 50 42 29 43 77% 101099 35 7503 171%
c - 48.98 37 69 40 189 4547 2 1726227 27016 1.2 49 42 29 43 78% 101099 35 7503 171%
c - 49.25 37 66 40 190 4548 2 1739977 28306 1.2 48 41 29 43 79% 101099 35 7503 171%
c - 49.54 37 63 40 191 4554 1 1753763 30191 1.2 48 41 29 43 80% 101099 35 7503 171%
c - 49.91 37 61 40 192 4561 1 1767584 31681 1.2 47 40 29 42 80% 101099 35 7503 171%
c } 50.17 37 59 41 192 4573 1 1780120 40878 1.2 47 40 29 42 81% 101099 35 7503 171%
c [ 50.17 37 151 41 192 4573 1 1780120 40878 1.2 85 71 34 54 83% 101099 35 7503 171%
c O 50.17 37 151 41 192 4573 1 1780120 40878 1.2 85 71 34 54 83% 101099 35 7503 171%
c - 50.20 38 149 41 193 4574 1 1781440 33254 1.2 84 71 34 54 83% 101099 35 7503 171%
c - 50.38 38 137 41 194 4581 1 1795334 33512 1.2 80 67 34 54 82% 101099 35 7503 171%
c - 50.55 38 126 41 195 4587 1 1809263 33632 1.2 76 64 34 54 82% 101099 35 7503 171%
c u 50.67 38 124 41 195 4587 1 1811677 28045 1.2 75 63 34 54 82% 101099 35 7503 171%
c v 50.75 41 124 41 195 4587 1 1811677 24225 1.2 75 63 34 54 82% 101099 35 7503 171%
c w 50.78 41 124 41 195 4587 1 1811677 22813 1.2 75 63 34 54 82% 101099 35 7503 171%
c o 50.80 41 124 41 195 4587 1 1811677 22813 1.2 75 63 34 54 82% 101099 35 7503 171%
c - 51.04 44 129 41 196 4593 1 1823227 21644 1.2 77 65 34 54 82% 101099 35 7503 171%
c - 51.24 44 122 41 197 4601 1 1837227 22183 1.2 74 63 34 54 83% 101099 35 7503 171%
c
c  seconds    switched     rate           size/glue  tier1       binary      remaining
c         MB    reductions    conflicts         size    tier2      irredundant
c           level     restarts       redundant     glue     trail       variables
c
c - 51.47 44 114 41 198 4603 1 1851262 24614 1.2 72 61 34 54 83% 101099 35 7503 171%
c - 51.73 44 107 41 199 4603 1 1865333 26509 1.2 70 59 34 54 83% 101099 35 7503 171%
c - 52.02 44 101 41 200 4611 1 1879442 29092 1.2 68 58 34 54 83% 101099 35 7503 171%
c - 52.32 44 94 41 201 4618 1 1893584 29636 1.2 65 56 34 54 83% 101099 35 7503 171%
c B 52.46 44 91 41 201 4619 1 1900953 34495 1.2 64 55 34 54 83% 101099 35 7503 171%
c - 52.60 44 92 41 202 4624 1 1907763 27935 1.2 64 55 34 54 84% 101099 35 7503 171%
c ] 52.76 44 89 42 202 4628 1 1915897 33829 1.2 63 54 34 54 84% 101099 35 7503 171%
c { 52.76 44 59 42 202 4628 1 1915897 33829 1.2 47 40 29 42 81% 101099 35 7503 171%
c - 52.88 44 58 42 203 4631 1 1921975 28317 1.2 47 40 29 42 81% 101099 35 7503 171%
c - 53.15 44 57 42 204 4664 2 1936223 30498 1.2 47 39 29 42 81% 101099 35 7503 171%
c u 53.31 44 57 42 204 4671 2 1940680 33511 1.2 46 39 29 42 82% 101099 35 7503 171%
c v 53.39 44 57 42 204 4671 2 1940680 25015 1.2 46 39 29 42 82% 101099 35 7503 171%
c w 53.42 44 57 42 204 4671 2 1940680 24292 1.2 46 39 29 42 82% 101099 35 7503 171%
c - 53.67 44 62 42 205 4715 2 1950505 26510 1.2 46 39 29 42 82% 101099 35 7503 171%
c - 53.98 44 62 42 206 4881 2 1964828 29138 1.2 47 40 29 42 83% 101099 35 7503 171%
c - 54.47 44 61 42 207 5101 2 1979181 28652 1.2 48 41 29 43 83% 101099 35 7503 171%
c - 55.45 44 61 42 208 5371 2 1993568 27824 1.1 49 43 29 43 83% 101099 35 7503 171%
c - 56.17 44 60 42 209 5493 2 2007990 29431 1.1 49 43 29 44 83% 101099 35 7503 171%
c } 56.69 44 60 43 209 5625 2 2015873 34923 1.1 50 44 29 44 84% 101099 35 7503 171%
c [ 56.69 44 89 43 209 5625 1 2015873 34923 1.2 63 54 34 54 84% 101099 35 7503 171%
c
c  seconds   switched     rate           size/glue  tier1       binary      remaining
c         MB   reductions    conflicts         size    tier2      irredundant
c          level     restarts       redundant     glue     trail       variables
c
c - 56.99 44 87 43 210 5630 1 2022447 30990 1.2 62 53 34 53 84% 101099 35 7503 171%
c W 57.28 44 85 43 210 5631 1 2028422 35522 1.2 62 53 34 53 84% 101099 35 7503 171%
c o 57.28 44 85 43 210 5631 1 2028422 35522 1.2 62 53 34 53 84% 101099 35 7503 171%
c - 57.42 44 87 43 211 5637 1 2036942 30372 1.2 62 54 34 53 84% 101099 35 7503 171%
c - 57.64 44 87 43 212 5641 2 2051469 28397 1.2 63 53 34 53 84% 101099 35 7503 171%
c - 57.90 44 84 43 213 5649 2 2066030 27868 1.2 63 53 34 53 84% 101099 35 7503 171%
c u 58.19 44 82 43 213 5653 2 2074584 33442 1.2 63 52 34 53 84% 101099 35 7503 171%
c v 58.35 44 82 43 213 5653 2 2074584 33068 1.2 63 52 34 53 84% 101099 35 7503 171%
c w 58.41 44 82 43 213 5653 2 2074584 32199 1.2 63 52 34 53 84% 101099 35 7503 171%
c - 58.55 44 81 43 214 5654 2 2080627 27183 1.2 63 52 34 53 84% 101099 35 7503 171%
c - 58.80 44 78 43 215 5655 2 2095255 31470 1.2 62 51 34 53 84% 101099 35 7503 171%
c - 59.06 44 75 43 216 5662 2 2109917 32773 1.2 61 50 34 53 84% 101099 35 7503 171%
c - 59.35 44 73 43 217 5669 2 2124613 32117 1.2 61 50 35 52 84% 101099 35 7503 171%
c - 59.64 44 71 43 218 5674 2 2139343 31496 1.2 60 49 35 52 84% 101099 35 7503 171%
c - 59.90 44 69 43 219 5683 2 2154107 32955 1.2 59 49 35 52 84% 101099 35 7503 171%
c I 60.07 44 68 43 219 5685 2 2162661 39836 1.2 59 49 35 52 84% 101099 35 7503 171%
c - 60.25 46 139 43 220 5686 2 2168908 30018 1.2 65 55 35 52 84% 101099 35 7503 171%
c - 60.52 46 132 43 221 5686 2 2183741 26550 1.2 65 55 35 52 84% 101099 35 7503 171%
c - 60.80 46 122 43 222 5687 2 2198612 25488 1.2 64 54 35 52 84% 101099 35 7503 171%
c u 61.13 46 114 43 222 5687 2 2213412 36339 1.2 63 53 35 52 83% 101099 35 7503 171%
c
c  seconds    switched     rate           size/glue  tier1       binary      remaining
c         MB    reductions    conflicts         size    tier2      irredundant
c           level     restarts       redundant     glue     trail       variables
c
c v 61.22 46 114 43 222 5687 2 2213412 36146 1.2 63 53 35 52 83% 101099 35 7503 171%
c w 61.26 48 114 43 222 5687 2 2213412 35928 1.2 63 53 35 52 83% 101099 35 7503 171%
