c ---- [ banner ] ------------------------------------------------------------
c
c Kissat SAT Solver
c 
c Copyright (c) 2021-2024 Armin Biere University of Freiburg
c Copyright (c) 2019-2021 Armin Biere Johannes Kepler University Linz
c 
c Version sc2024 d776b9e1002a822b821e1926835145300580fbea
c gcc (Ubuntu 13.3.0-6ubuntu2~24.04) 13.3.0 -W -Wall -O3 -DNDEBUG
c Mon Sep 22 15:53:48 -03 2025 Linux Eyvel 6.8.0-83-generic x86_64
c
c ---- [ proving ] -----------------------------------------------------------
c
c writing proof to DRAT file:
c
c   <stdout>
c
c ---- [ parsing ] -----------------------------------------------------------
c
c opened and reading DIMACS file:
c
c   CBS_k3_n100_m403_b10_0.cnf
c
c parsed 'p cnf 100 403' header
c closing input after reading 6211 bytes (6 KB)
c finished parsing after 0.00 seconds
c
c ---- [ solving ] -----------------------------------------------------------
c
c  seconds switched rate     size/glue tier1 binary     remaining
c         MB reductions conflicts size  tier2  irredundant
c          level restarts redundant glue  trail     variables
c
c *  0.00  3 0 0 0  0 0   0   0 0.0 0 0 0 0 0%   0 403 100 100%
c (  0.00  3 0 0 0  0 0   0   0 0.0 0 0 0 0 0%   0 403 100 100%
c .  0.00  3 0 0 0  0 0   0   0 0.0 0 0 0 0 0%   0 403 100 100%
c e  0.02  3 0 0 0  0 0   0   0 0.0 0 0 0 0 0%   0 404 95 95%
c )  0.02  3 0 0 0  0 0   0   0 0.0 0 0 0 0 0%   0 404 95 95%
c {  0.02  4 0 0 0  0 0   0   0 0.0 0 0 2 6 0%   0 404 95 95%
c }  0.02  4 8 0 0  0 1 633 542 1.7 8 5 3 6 52%   0 404 95 95%
c 1  0.02  4 8 0 0  0 1 633 542 1.7 8 5 3 6 52%   0 404 95 95%
32 -90 30 -34 0
32 -90 33 -52 0
32 -90 -44 87 0
32 -90 60 96 0
32 -90 88 -48 0
32 -90 -6 -16 0
32 -90 50 56 0
d 3 32 -90 0
d -3 30 -34 0
d -3 33 -52 0
d -44 -3 87 0
d 60 -3 96 0
d -3 88 -48 0
d -6 -16 -3 0
d 50 -3 56 0
28 -48 34 29 0
-33 -73 34 29 0
d 28 79 -48 0
d -33 79 -73 0
d -79 34 29 0
-52 -86 32 47 0
-52 -86 -29 -45 0
-84 11 31 52 0
-84 11 32 47 0
-84 11 -29 -45 0
-49 -92 31 52 0
-49 -92 32 47 0
-49 -92 -29 -45 0
d -52 65 -86 0
d 65 -84 11 0
d -49 65 -92 0
d 31 -65 52 0
d 32 47 -65 0
d -29 -45 -65 0
96 6 -11 26 0
-12 -47 -11 26 0
73 34 -11 26 0
-23 -100 -11 26 0
d 91 96 6 0
d -12 -47 91 0
d 73 91 34 0
d 91 -23 -100 0
d -11 26 -91 0
-62 25 36 -35 0
-62 25 -36 78 0
-1 -69 36 -35 0
-1 -69 -36 78 0
10 26 36 -35 0
10 26 -36 78 0
2 -92 36 -35 0
2 -92 -36 78 0
d 61 -62 25 0
d 61 -1 -69 0
d 61 10 26 0
d 61 2 -92 0
d -61 36 -35 0
d -36 -61 78 0
-2 50 1 -78 -92 -69 -53 0
44 -5 -75 -78 -23 -92 -53 -45 -20 0
2 -75 -78 -96 -92 -53 -20 0
-44 71 15 -75 68 66 -48 -69 0
-75 66 -96 -92 -48 -53 -45 -20 -87 0
-2 50 66 75 -92 -48 -69 -53 -87 0
2 75 -23 -92 -53 -59 -20 0
-23 -92 -48 -45 -59 -20 -30 -87 0
-44 -82 -21 68 66 0
-92 -48 -45 -59 -20 -30 -83 -87 0
23 50 -72 -53 -20 -30 -83 0
28 82 -45 0
-23 -95 -48 67 -69 -45 -59 -20 -87 0
-48 -45 -59 -30 -20 -83 -87 0
d -92 -48 -45 -59 -20 -30 -83 -87 0
-95 23 -69 -45 -30 -83 0
-81 -92 -96 95 -45 -53 -83 0
23 -45 -59 -20 -30 -83 -62 -87 0
95 -22 48 -45 -23 -20 -83 -85 -62 -87 0
-22 -23 -45 48 -20 -83 -85 -62 -87 0
d 95 -22 48 -45 -23 -20 -83 -85 -62 -87 0
-95 -96 22 -76 -69 -59 -62 -87 0
44 -78 -2 -92 -69 -53 -45 0
-45 -59 -20 -83 -85 -62 -87 0
66 -44 -53 -94 -98 68 -69 -2 81 -92 -87 0
-66 -53 -30 0
23 -53 -35 81 -92 -30 0
-22 -94 1 49 71 41 15 -35 81 -20 -30 0
82 -67 29 26 -98 1 49 71 41 15 81 -20 0
-53 -35 68 -69 81 95 45 -20 -30 -62 -87 0
71 29 -98 53 -35 -69 -2 45 -20 -83 0
-13 53 -35 -69 -2 -59 45 -20 -83 -62 -87 0
-98 13 -31 53 -35 68 -69 81 45 -20 -83 -62 0
-35 68 -69 81 95 -59 -20 -83 -85 -62 -87 0
-71 13 86 -10 35 81 -87 0
8 -36 13 98 1 0
98 68 1 35 44 81 95 45 -20 -87 0
-8 -78 12 13 81 -20 0
9 13 71 1 68 29 81 45 -20 0
13 71 35 1 68 81 -92 45 -20 0
8 71 -13 68 1 -2 81 -92 0
71 -98 68 35 -69 81 -92 45 -20 0
68 -69 81 95 -59 -20 -83 -85 -62 -87 0
-13 14 -69 82 -2 -59 45 -20 -83 -62 -87 0
-27 14 57 81 -20 0
-69 81 95 -59 -20 -83 -85 -62 -87 0
d 68 -69 81 95 -59 -20 -83 -85 -62 -87 0
-68 13 81 69 45 -20 -87 0
-57 13 -2 0
57 81 69 45 -20 -83 0
-27 -57 69 -98 81 -20 -85 0
81 95 -59 -20 -83 -85 -62 -87 0
27 -13 -81 45 -59 -20 -62 0
-23 53 -27 -81 45 -20 -62 0
-13 -81 45 -59 -20 -85 -62 -87 0
21 68 -14 44 -69 23 0
-100 -2 53 -21 68 -51 -69 -27 28 -92 -62 0
15 53 -21 1 -2 57 -27 28 -81 -92 45 -62 0
53 23 28 -27 -81 -92 13 45 -83 -85 -62 -87 0
23 28 -27 -81 95 13 -59 45 -83 -85 -62 -87 0
-27 95 -59 -20 -83 -85 -62 -87 0
-23 27 -81 95 45 -59 -20 -62 0
26 53 23 -81 27 45 -59 -85 -62 0
-98 5 37 99 71 97 -82 0
-55 -42 37 99 -9 -14 44 68 71 97 23 95 -82 0
-21 71 -26 97 0
35 -94 21 23 -81 27 -87 0
36 -35 71 -92 0
69 -78 -35 21 88 -94 97 23 -82 13 27 0
-99 21 88 71 47 23 27 0
71 -26 97 23 27 95 -81 -83 -85 -87 0
21 97 25 -81 23 27 -92 -30 -62 -87 0
53 -81 27 13 23 95 45 -59 -30 -83 -85 -62 -87 0
95 -59 -20 -83 -85 -62 -87 0
-86 68 -21 35 23 -95 -59 0
-21 -81 -71 27 23 -95 -59 -62 -87 0
35 13 21 -81 25 27 23 -87 0
-14 -78 21 -81 23 -95 -87 0
-81 -71 27 23 -95 -59 45 -20 -85 -62 -87 0
21 -2 81 27 23 0
-71 27 23 -95 -59 45 -20 -85 -62 -87 0
d -81 -71 27 23 -95 -59 45 -20 -85 -62 -87 0
35 76 25 13 -69 37 -36 81 0
89 -72 26 -2 71 45 -83 0
82 -2 39 26 71 23 -95 45 -83 0
-13 -21 27 23 -95 -30 -20 0
81 -21 13 71 23 -95 45 -20 -83 -62 0
-2 82 -21 71 23 -95 45 -83 -62 0
82 -21 71 23 -95 45 -20 -83 -85 -62 0
-97 -81 71 23 -95 -20 -85 -87 0
-21 27 23 -59 -20 -83 -85 -62 -87 0
-2 -4 27 21 88 23 -95 -30 -87 0
16 21 27 -4 71 23 -30 0
27 23 -59 -20 -83 -85 -62 -87 0
d -21 27 23 -59 -20 -83 -85 -62 -87 0
21 28 23 -95 -30 -85 -87 0
22 28 -21 23 -95 -85 -87 0
23 -59 -20 -83 -85 -62 -87 0
d 27 23 -59 -20 -83 -85 -62 -87 0
-69 -22 -21 28 -23 45 -95 -30 -83 -62 0
69 -27 45 -23 -20 -83 -85 -62 0
22 -69 -27 45 -23 -95 -20 -87 0
-27 -59 -20 -83 -85 -62 -87 0
21 27 -23 -89 -20 -85 0
88 27 -21 -23 -89 66 -20 -62 -87 0
36 81 -2 27 -96 -62 -87 0
81 -95 -23 -59 -21 27 45 -88 -20 -62 -87 0
-59 -20 -83 -85 -62 -87 0
-2 98 -36 -72 -53 -88 71 26 27 0
-95 71 -81 -21 66 -23 27 -20 -83 -62 -87 0
71 -81 -21 -23 27 -30 -20 -83 -62 -87 0
-81 -21 -23 27 59 -30 -20 -83 -62 -87 0
-71 -36 39 -87 0
-95 72 39 -23 -20 0
35 -94 41 25 0
25 15 26 81 71 39 -36 -23 27 59 -20 0
-69 -78 68 98 35 -92 95 81 -30 -20 -87 0
-75 -92 95 81 71 66 27 -30 -20 59 -87 0
72 -25 -42 26 71 81 39 -23 27 -30 -20 59 -87 0
-41 26 -2 -36 27 59 -83 0
-15 39 -2 -83 0
-21 -23 27 -30 -20 59 -83 -62 -87 0
81 16 -94 -92 32 89 13 -96 27 -20 -83 -62 -87 0
-23 27 -20 -83 -85 -62 -87 0
-71 -35 13 21 15 59 -62 -87 0
-95 71 21 27 23 -30 -85 -87 0
-35 21 15 -81 23 27 59 -30 -85 -62 -87 0
21 15 -81 27 23 -30 59 -85 -62 -87 0
d -35 21 15 -81 23 27 59 -30 -85 -62 -87 0
92 71 15 -81 27 -20 -83 -85 -62 -87 0
-95 71 15 -21 -81 27 23 59 -20 -83 -85 -87 0
97 41 39 -92 15 -21 -81 23 0
41 39 71 -92 95 15 -21 -81 27 23 -20 -85 0
-36 95 71 -92 15 -21 -81 27 23 59 -20 -83 -85 -62 0
71 15 -81 27 -20 -83 -85 -62 -87 0
15 -81 27 -20 -83 -85 -62 -87 0
d 71 15 -81 27 -20 -83 -85 -62 -87 0
-71 -21 -81 73 -15 27 59 -62 -87 0
97 71 -21 -15 -83 -62 0
-97 -15 23 -20 -85 0
-21 97 -15 -81 27 59 -83 -62 -87 0
71 21 -81 73 23 27 59 -30 -85 -87 0
-81 27 -20 -83 -85 -62 -87 0
-15 27 -20 -83 -85 -62 -87 0
-71 15 27 81 23 -30 -20 -62 -87 0
27 -20 -83 -85 -62 -87 0
d -15 27 -20 -83 -85 -62 -87 0
d -81 27 -20 -83 -85 -62 -87 0
81 71 -21 15 -27 -20 -83 0
73 -13 64 -82 59 0
-13 99 -2 -36 -21 15 -82 59 -83 0
-41 26 -2 71 -82 -30 59 0
-2 71 -21 15 -30 -20 59 -27 -83 -62 0
-36 95 -76 41 -81 71 -54 -21 -82 -20 59 -27 0
53 -81 -19 -27 -20 -30 -62 0
71 -21 15 -20 -83 -85 -62 -87 0
-21 15 -20 -83 -85 -62 -87 0
d 71 -21 15 -20 -83 -85 -62 -87 0
92 -82 21 28 -20 -85 -87 0
-95 68 -23 88 71 0
81 -14 -94 21 -82 59 -27 -20 0
-23 -70 -94 21 -82 88 -27 -20 -30 59 -62 0
15 -20 -83 -85 -62 -87 0
-82 -14 21 -20 -83 -85 -62 -87 0
23 82 21 28 -30 -85 -87 0
-14 21 -20 -83 -85 -62 -87 0
d -82 -14 21 -20 -83 -85 -62 -87 0
21 -20 -83 -85 -62 -87 0
d -14 21 -20 -83 -85 -62 -87 0
-53 -21 -15 -20 0
2 53 -27 -20 -21 -85 -62 0
-20 -83 -85 -62 -87 0
d -20 27 -83 -85 -62 -87 0
-69 -60 44 -90 0
-14 -27 35 -90 -26 25 73 -21 -87 0
-94 -90 -71 35 25 -85 0
-41 94 -89 4 36 -71 -9 20 0
-96 -81 35 0
-2 53 -15 -21 -83 -85 -62 -87 0
-81 35 -50 53 -23 0
35 25 -9 -50 69 53 -23 -15 0
-36 72 -9 48 -21 20 -62 0
-35 36 72 2 -62 -87 0
-9 -19 88 53 2 56 -21 20 -62 -87 0
72 36 86 71 35 88 -23 69 56 -87 0
57 81 -25 88 11 32 69 20 0
81 35 9 88 53 56 -23 69 11 -21 20 -87 0
35 56 53 -23 9 88 69 11 -21 20 -87 0
d 81 35 9 88 53 56 -23 69 11 -21 20 -87 0
50 -35 2 88 32 56 -21 -62 -87 0
-26 11 69 -35 2 -23 -21 20 -62 -87 0
53 -15 -21 -83 -85 -62 -87 0
-23 11 -35 -53 93 -15 -21 20 -62 -87 0
23 -35 73 56 2 -53 69 -87 0
-35 93 -53 -15 73 -21 20 -62 -87 0
-75 -92 -55 -23 66 35 88 69 56 -15 -21 -87 0
-67 -92 82 32 69 56 0
-94 75 35 69 0
-92 -23 66 88 69 35 -15 56 73 -21 20 -87 0
-23 35 88 69 -15 56 73 93 -21 20 -87 0
-15 -21 -83 -85 -62 -87 0
-53 -92 -75 88 23 15 0
-92 88 73 23 -21 15 -85 0
88 73 -28 23 15 -21 -85 -87 0
-95 -84 -89 -78 69 23 -85 0
73 69 23 -21 15 20 -85 -62 -87 0
-92 -88 69 -73 23 -21 15 0
-88 69 -73 23 -21 15 -85 -87 0
-95 69 -73 23 15 -85 -87 0
69 23 15 -21 20 -85 -62 -87 0
d 73 69 23 -21 15 20 -85 -62 -87 0
88 41 -99 -53 -92 -94 34 23 -21 15 0
35 41 -22 -94 -92 0
-35 56 -53 95 -92 71 23 0
-81 -41 -22 -53 -92 15 0
-41 -22 -53 -92 -14 -82 -55 -21 15 0
-53 -92 -55 68 -73 23 -69 -21 15 0
-92 -73 23 -69 -21 15 20 -85 -87 0
71 53 97 -95 -69 -21 15 -83 -62 -87 0
25 -41 9 15 -62 0
-55 -72 5 9 71 -42 -41 -69 23 -21 -85 0
36 40 -41 -50 70 71 23 -21 -85 0
92 23 -21 -83 -85 -62 -87 0
-41 -69 -60 68 -46 71 -92 -82 20 0
36 23 41 -94 -92 71 -21 -85 0
23 -21 -83 -85 -62 -87 0
d 92 23 -21 -83 -85 -62 -87 0
35 -82 95 -69 68 -92 26 41 0
44 -60 -67 -64 68 -69 26 -92 41 0
-44 29 -82 -14 68 -92 -36 71 -21 -23 0
-82 -14 68 -69 95 -36 -92 71 41 -21 -23 -62 0
-99 34 26 71 0
8 34 68 73 66 -69 -60 26 71 0
12 99 -96 73 -24 34 -8 71 0
-69 -36 71 41 -21 15 -23 20 -62 -87 0
-58 99 -60 -36 69 71 72 41 -21 20 -62 0
34 69 66 -36 71 -42 41 72 -21 20 -62 -87 0
99 73 69 -30 39 -34 72 -23 15 0
-99 26 69 71 72 15 0
-36 71 41 -23 15 -21 20 -62 -87 0
96 38 -23 0
26 35 1 -42 2 41 72 20 -62 -87 0
54 -10 71 81 1 35 -42 2 41 -87 0
-29 73 -67 -10 35 71 72 -62 0
-69 73 29 71 2 -5 -42 72 20 -87 0
69 71 36 35 86 56 72 -23 -87 0
73 -69 71 2 -5 -42 -67 -10 35 72 20 -62 -87 0
63 81 -32 71 2 68 15 -21 0
71 41 15 -21 -23 20 -62 -87 0
41 -23 -21 15 20 -62 -87 0
d 71 41 15 -21 -23 20 -62 -87 0
-71 -41 15 20 -62 -87 0
25 -41 -42 15 20 -62 0
36 35 47 2 56 72 -90 -60 -23 71 -41 -87 0
-36 72 -41 -21 20 -62 0
-9 -23 -21 15 20 -62 -87 0
55 -19 36 35 71 -23 -41 15 20 -87 0
36 35 -90 -41 9 5 71 -23 15 -21 20 -85 -87 0
-36 -21 -41 15 20 -62 -87 0
27 1 12 -42 0
35 71 15 -21 36 -19 9 -41 -23 20 -87 0
22 -30 -100 -4 71 -78 -95 0
-21 -83 -85 -62 -87 0
84 81 68 71 88 0
-9 -92 81 68 -42 71 88 21 20 0
-27 69 -34 72 81 0
12 -75 81 -94 15 71 21 88 0
81 68 15 71 88 21 20 -87 0
-29 -81 68 71 88 21 -62 -87 0
5 53 -16 56 -92 -84 41 -75 71 0
9 -81 68 -42 71 88 21 -62 -87 0
-23 -84 5 -100 -90 -81 15 71 88 0
-84 -86 -92 -94 -100 53 -9 -90 -81 15 71 88 -85 0
-36 40 -82 97 2 -86 -92 -55 0
23 -94 -92 -55 53 44 68 -9 21 -85 0
-92 -81 68 -9 -42 71 20 21 -85 0
68 15 71 -83 -85 -62 -87 0
-95 14 71 20 0
-9 -86 74 -4 72 41 -92 -94 -68 -62 0
5 -75 7 -86 95 41 71 0
82 -75 -92 88 0
-4 14 -92 -94 72 -68 69 71 88 20 -62 0
23 -45 -66 -75 41 95 -92 15 -31 88 -85 0
-75 56 4 95 15 -68 71 88 -85 -87 0
15 71 -83 -85 -62 -87 0
75 -94 -9 -92 71 73 20 88 0
32 -94 56 -90 -9 -92 71 88 0
-94 -9 -92 71 73 21 20 -85 0
-9 -92 -15 71 73 21 20 -85 -87 0
94 -92 -15 20 88 21 -87 0
-68 38 95 -82 73 88 -87 0
-11 -16 23 38 9 95 73 71 88 -85 0
-66 45 -89 -84 23 68 38 -75 -82 21 0
-44 45 66 68 -75 -82 0
44 -84 -16 41 -14 23 68 95 -92 -75 71 21 -62 0
63 23 68 38 -75 -92 95 9 71 73 21 -85 -62 0
23 95 71 -83 -85 -62 -87 0
-63 68 -82 9 71 21 88 20 -62 -87 0
81 -34 -84 63 32 -82 21 0
68 -55 -23 9 -82 71 88 21 20 -62 -87 0
95 71 -83 -85 -62 -87 0
d 23 95 71 -83 -85 -62 -87 0
71 -83 -85 -62 -87 0
d 95 71 -83 -85 -62 -87 0
-95 5 -86 23 -81 72 20 25 -62 0
23 -81 -43 20 88 21 -71 -62 -87 0
-81 68 -71 20 88 21 -62 -87 0
-92 72 -96 -23 88 20 -71 21 -62 -87 0
-86 -26 72 -95 32 81 0
72 -23 81 -71 88 20 21 -62 -87 0
-23 81 88 -71 21 20 -62 -87 0
d 72 -23 81 -71 88 20 21 -62 -87 0
-72 81 23 21 -71 25 88 -62 0
-92 81 72 23 -71 21 20 88 -87 0
-86 81 72 69 16 22 0
81 -71 21 20 88 -62 -87 0
d -23 81 88 -71 21 20 -62 -87 0
-67 72 -71 14 -62 -87 0
11 23 43 21 14 0
23 -83 -85 -62 -87 0
-83 -85 -62 -87 0
d -83 -20 -85 -62 -87 0
-23 -81 -71 88 -62 -87 0
21 -77 20 -92 -81 88 -71 -62 -87 0
20 95 -81 -71 83 -62 -87 0
-21 95 -81 -71 -85 -62 -87 0
95 -81 -71 -85 -62 -87 0
d -21 95 -81 -71 -85 -62 -87 0
21 -20 97 -92 -95 23 -81 25 -85 -62 -87 0
-21 -26 -95 23 -81 25 -85 -62 -87 0
-92 -81 -71 -85 -62 -87 0
21 20 -81 92 88 -71 -62 -87 0
20 -81 -71 -85 -62 -87 0
39 92 -71 25 83 0
-81 -71 -85 -62 -87 0
d 20 -81 -71 -85 -62 -87 0
d -92 -81 -71 -85 -62 -87 0
21 -20 92 25 81 0
-20 -95 -26 92 81 88 25 -62 0
92 -71 -85 -62 -87 0
20 -71 -85 -62 -87 0
-21 81 -20 -15 25 -26 -62 -87 0
8 21 -71 -20 -15 81 -85 0
-71 -85 -62 -87 0
d 20 -71 -85 -62 -87 0
d 92 -71 -85 -62 -87 0
9 21 -94 -20 88 25 81 0
21 -36 -20 -78 88 25 81 7 0
-9 -94 -92 -36 26 88 81 -62 0
-94 -92 -20 88 25 81 7 71 -62 0
34 -36 26 -73 88 71 0
-92 -20 88 25 81 7 71 -62 0
d -94 -92 -20 88 25 81 7 71 -62 0
-20 25 81 -85 -62 -87 0
-95 88 20 81 71 -87 0
-36 32 -84 82 88 -55 7 83 -85 -62 0
-14 25 81 -85 -62 -87 0
36 68 -84 -92 88 20 14 25 81 71 -62 0
8 -13 -36 68 -84 14 88 -55 81 83 -85 71 -62 0
82 -36 -84 88 -55 -92 7 83 -85 -62 0
68 -84 14 -92 20 25 81 83 -85 71 -62 0
-82 -68 14 88 81 -62 0
-84 20 25 -92 14 81 83 -85 71 -62 0
d 68 -84 14 -92 20 25 81 83 -85 71 -62 0
25 81 -85 -62 -87 0
84 20 88 -92 40 81 71 -62 -87 0
-68 -84 88 -92 81 -85 -62 -87 0
82 14 20 68 -84 88 -92 81 71 83 -85 -62 0
14 95 20 68 -84 88 -92 81 71 83 -85 -62 0
-21 63 -26 -13 71 0
63 35 -82 -13 68 20 -84 88 -92 71 -62 -87 0
35 -82 68 20 -84 88 -92 81 71 -62 -87 0
-63 29 68 81 0
-82 20 88 -92 81 -85 -62 -87 0
-94 -84 32 35 20 75 88 0
20 88 -92 81 -85 -62 -87 0
d -82 20 88 -92 81 -85 -62 -87 0
82 -84 -36 88 9 -92 71 83 -85 -62 0
34 68 -2 88 71 0
89 41 -84 -2 -85 -62 0
-84 88 -92 81 -85 -62 -87 0
88 -92 81 -85 -62 -87 0
d -84 88 -92 81 -85 -62 -87 0
84 -92 81 -85 -62 -87 0
-23 9 -19 15 20 -21 -92 71 -62 -87 0
9 -19 15 20 -21 -92 40 71 -62 -87 0
2 -92 81 -85 -62 -87 0
20 -21 40 -2 9 -84 -92 -85 -62 -87 0
23 -92 81 -85 -62 -87 0
41 -69 68 15 -20 -92 -23 -21 -84 -2 81 83 71 -85 -62 0
-69 15 -92 81 -85 -62 -87 0
53 -88 -84 -2 39 -30 83 -85 -62 0
-92 81 -85 -62 -87 0
d -69 15 -92 81 -85 -62 -87 0
d 23 -92 81 -85 -62 -87 0
-53 -20 -2 -95 68 92 71 0
-84 53 -30 67 -2 76 83 -85 -62 0
84 -2 68 81 71 0
-2 81 -85 -62 -87 0
-84 -78 -30 -95 15 93 -41 71 0
81 -85 -62 -87 0
d -2 81 -85 -62 -87 0
-95 -30 -21 -78 44 -69 -85 -81 71 -87 0
16 22 28 -30 -19 34 -88 -81 71 -62 0
22 -30 -19 34 -88 -21 -78 29 -81 83 71 -62 0
76 -19 15 -88 -69 29 -85 -62 -87 0
53 -16 39 -30 0
26 -22 -30 34 -92 15 -88 83 -81 71 -62 0
-30 -88 34 -92 15 -19 -21 -78 29 -81 83 71 -62 0
-88 84 -85 -62 -87 0
-53 23 88 83 -81 0
97 -21 34 88 71 0
-21 34 -69 30 84 -85 -62 -87 0
34 -69 30 84 -85 -62 -87 0
d -21 34 -69 30 84 -85 -62 -87 0
21 -69 97 -34 30 88 -63 7 0
-69 30 84 -85 -62 -87 0
d 34 -69 30 84 -85 -62 -87 0
72 -21 -34 20 69 -24 36 2 -81 -62 -87 0
-21 -34 30 69 -24 88 -85 -62 -87 0
-32 -24 36 69 30 88 -85 83 -81 0
-34 30 69 -24 88 -85 -62 -87 0
d -21 -34 30 69 -24 88 -85 -62 -87 0
90 34 36 96 20 29 -63 7 0
30 84 -85 -62 -87 0
23 86 96 69 34 88 7 -85 83 -81 -87 0
86 96 -90 69 34 88 -85 -62 -87 0
-99 69 34 88 -85 83 -81 71 0
69 34 -63 88 -81 -85 83 71 -87 0
-23 96 -69 34 -12 88 -30 -81 83 -87 0
86 34 -69 88 -30 71 -85 83 -81 -87 0
34 -63 88 -30 71 -85 83 -81 -87 0
14 23 -63 7 -87 0
23 -69 84 -85 -62 -87 0
-69 84 -85 -62 -87 0
d 23 -69 84 -85 -62 -87 0
-58 16 45 -23 53 -94 -92 88 69 29 -81 71 -62 0
-23 84 -85 -62 -87 0
41 32 89 -34 56 -9 88 97 68 44 71 7 -87 0
94 -55 -28 -34 -87 0
-55 38 53 23 44 -9 -14 69 -34 71 -85 -87 0
84 -85 -62 -87 0
d -23 84 -85 -62 -87 0
-16 97 44 95 -14 68 41 23 -92 53 -30 71 -84 -62 0
23 -63 -34 -30 69 88 -85 -62 -87 0
-63 -34 -30 69 88 -85 -62 -87 0
d 23 -63 -34 -30 69 88 -85 -62 -87 0
-23 -34 -30 69 88 -85 -62 -87 0
-34 -30 69 88 -85 -62 -87 0
d -23 -34 -30 69 88 -85 -62 -87 0
d -63 -34 -30 69 88 -85 -62 -87 0
34 56 69 88 -84 -81 71 -85 83 -87 0
30 69 -34 88 -85 -62 -87 0
d 30 -24 69 -34 88 -85 -62 -87 0
-34 69 88 -85 -62 -87 0
d -34 -30 69 88 -85 -62 -87 0
d 30 69 -34 88 -85 -62 -87 0
69 88 -85 -62 -87 0
d -34 69 88 -85 -62 -87 0
36 -35 -34 97 71 -62 -87 0
-95 -76 7 71 -87 0
56 -34 97 42 -45 95 -85 -62 -87 0
-53 97 -15 -92 -81 0
-34 -68 95 88 -69 -84 -81 -85 71 -87 0
-68 88 -69 95 71 -84 -81 -85 -87 0
d -34 -68 95 88 -69 -84 -81 -85 71 -87 0
-45 42 -15 97 -69 68 -92 -81 -85 -84 0
21 -69 68 44 88 -84 7 0
23 88 -21 -92 -84 -85 71 83 -81 -62 0
88 -85 -62 -87 0
-2 -23 95 -85 -62 -87 0
-23 1 -69 95 -85 -62 -87 0
-97 44 4 23 -69 -92 95 -88 -81 83 71 -85 0
68 -69 95 -85 -62 -87 0
97 -78 -82 -11 41 40 0
23 14 -92 95 40 71 -85 -84 -88 0
-69 95 -85 -62 -87 0
d 68 -69 95 -85 -62 -87 0
95 -85 -62 -87 0
d -69 95 -85 -62 -87 0
-23 83 -81 -95 -62 0
-85 -62 -87 0
d -85 -83 -62 -87 0
54 49 44 0
-84 -21 -88 -78 89 44 -41 -10 -81 92 -95 0
-88 -81 82 23 83 -95 -87 0
-69 68 -81 88 82 -95 0
57 -35 -21 -99 -32 44 69 -42 83 -95 -62 -87 0
36 -35 72 -62 -87 0
d 36 2 -35 72 -62 -87 0
-21 69 68 47 -28 -81 92 83 -95 -62 -87 0
68 -81 82 23 83 -95 -62 -87 0
-31 88 -7 92 23 83 0
-81 82 23 83 -95 -62 -87 0
d 68 -81 82 23 83 -95 -62 -87 0
-7 88 82 23 83 -95 -62 -87 0
-71 51 31 88 -14 81 92 83 -95 -62 -87 0
71 88 7 81 -95 -87 0
88 82 23 83 -95 -62 -87 0
d -7 88 82 23 83 -95 -62 -87 0
21 27 -88 81 92 23 -95 0
-26 27 -21 35 -88 71 92 -95 0
2 27 -72 -21 35 -88 71 -95 0
44 -84 54 82 0
27 35 76 82 -88 71 81 23 -95 -62 0
-28 24 -27 68 71 -95 0
28 82 -78 0
82 23 83 -95 -62 -87 0
d 82 -81 23 83 -95 -62 -87 0
28 24 -88 71 76 23 -82 83 -95 0
24 68 71 -88 76 23 -82 83 -95 0
16 27 71 -88 0
-22 -78 68 71 -82 23 -95 0
-88 23 83 -95 -62 -87 0
-69 44 7 -9 88 -95 0
71 23 88 83 -95 -87 0
-4 -12 16 -9 0
86 69 44 -14 -81 88 23 -95 -87 0
69 -81 -14 68 23 88 -71 -95 -62 -87 0
7 68 -71 88 23 -82 -95 -62 -87 0
-35 -7 -82 23 88 -71 -95 -62 -87 0
81 35 -82 25 0
-7 23 83 -95 -62 -87 0
23 83 -95 -62 -87 0
d 23 82 83 -95 -62 -87 0
35 25 88 -100 81 -96 0
7 88 83 -95 -62 -87 0
88 83 -95 -62 -87 0
d 7 88 83 -95 -62 -87 0
-20 21 75 -64 68 71 -42 -89 -25 81 -95 0
-57 -64 -42 -88 81 -100 -89 -4 76 0
21 -64 57 71 68 -89 -25 81 7 -95 85 0
-92 -21 57 -35 71 -88 -100 0
16 83 -88 -89 -4 0
48 -84 -2 -37 76 -89 7 85 0
98 -99 -36 -42 76 81 7 -23 -100 83 85 0
-99 -4 28 -42 -89 -88 76 81 -23 -100 83 71 -62 85 0
-98 81 -42 99 28 -89 85 -62 0
57 -4 -37 -26 28 -23 51 85 0
83 -95 -62 -87 0
81 -57 -86 -88 99 -23 71 -95 0
-57 -88 99 -23 71 -95 -62 -87 0
-88 99 -23 71 -95 -62 -87 0
d -57 -88 99 -23 71 -95 -62 -87 0
88 -23 71 -95 -62 -87 0
-16 -84 -2 82 -26 -23 -99 -4 -83 -95 85 0
-2 82 -26 -88 -23 -99 71 -83 -95 85 0
2 81 -88 -99 71 -100 -95 -87 0
-26 -23 -88 -99 71 -95 -83 85 -87 0
-23 71 -95 -62 -87 0
26 -88 -99 23 71 -95 -83 -62 0
28 -88 71 23 -100 -95 -87 0
-88 71 23 -95 -100 -87 0
d 28 -88 71 23 -100 -95 -87 0
-7 52 -4 0
86 30 -28 71 -95 -62 -87 0
30 -28 71 -95 -62 -87 0
d 86 30 -28 71 -95 -62 -87 0
-28 71 -95 -62 -87 0
d 30 -28 71 -95 -62 -87 0
-39 -80 28 23 9 43 71 88 -4 -62 -87 0
-30 71 -95 -62 -87 0
71 -95 -62 -87 0
d -30 71 -95 -62 -87 0
d -28 71 -95 -62 -87 0
9 28 30 25 -95 -62 0
-36 -72 28 25 -62 0
-69 28 43 30 -95 -62 -87 0
50 69 -24 28 52 43 -95 25 0
28 43 30 -95 -62 -87 0
d -69 28 43 30 -95 -62 -87 0
72 -24 36 86 -71 -62 -87 0
-8 -9 56 50 43 52 -28 86 0
69 43 30 -95 -62 -87 0
43 30 -95 -62 -87 0
d 69 43 30 -95 -62 -87 0
d 28 43 30 -95 -62 -87 0
22 -69 -86 -95 -87 0
-69 -86 -95 -62 -87 0
28 69 35 96 -52 -71 -62 -87 0
-81 -14 68 78 96 16 21 -71 -100 0
81 -9 78 0
30 -95 -62 -87 0
35 -86 -95 -62 -87 0
-86 -95 -62 -87 0
d 35 -86 -95 -62 -87 0
-67 -26 -71 0
-35 -95 -62 -87 0
-10 84 -26 -83 -100 35 86 -71 -87 0
-39 -95 -62 -87 0
94 -20 33 -70 85 0
-95 -62 -87 0
d -39 -95 -62 -87 0
d -35 -95 -62 -87 0
81 -20 1 -9 -71 -62 -87 0
-81 4 35 33 -41 -10 -71 -26 95 85 0
36 33 -69 -41 -10 -71 -62 -87 0
35 21 42 27 -94 25 0
33 -41 -94 -10 -71 -62 -87 0
-35 -41 -33 -10 -71 -62 -87 0
-41 -94 -10 -71 -62 -87 0
d 33 -41 -94 -10 -71 -62 -87 0
-9 -63 21 -94 -10 -26 0
-23 27 13 -20 41 -15 -26 67 0
-20 -94 -10 -71 -62 -87 0
83 21 20 -71 -62 -87 0
-94 -10 -71 -62 -87 0
d -20 -94 -10 -71 -62 -87 0
21 94 -2 -15 -92 -87 0
94 -71 -62 -87 0
-71 -62 -87 0
d 94 -71 -62 -87 0
d -94 -10 -71 -62 -87 0
d 83 20 21 -71 -62 -87 0
41 57 26 -73 -15 0
-14 26 -2 -15 25 -94 -62 -87 0
27 26 88 -36 14 7 -94 -92 95 71 0
-2 -15 -21 25 -94 -62 -87 0
-27 88 -98 -64 41 -28 26 -94 71 -92 0
75 20 73 88 -94 71 -92 0
-75 27 -64 26 -98 85 0
-15 -21 25 -94 -62 -87 0
d -2 -15 -21 25 -94 -62 -87 0
-99 72 26 15 71 0
-36 26 -98 75 88 -21 15 -55 -94 71 -92 -62 0
26 -98 75 88 -21 25 -94 -62 -87 0
-98 75 88 -21 25 -94 -62 -87 0
d 26 -98 75 88 -21 25 -94 -62 -87 0
75 88 -21 25 -94 -62 -87 0
d -98 75 88 -21 25 -94 -62 -87 0
41 -75 15 -21 25 -94 71 95 -62 0
88 -21 25 -94 -62 -87 0
d 75 88 -21 25 -94 -62 -87 0
-41 -23 15 25 71 -62 0
-21 25 -10 -94 -62 -87 0
-88 56 69 -98 -10 0
-84 88 -30 72 69 -35 -78 -10 -94 -92 0
23 -43 21 -10 0
67 -30 15 88 41 -35 -78 21 -10 -94 71 -62 -92 0
-49 41 -64 0
-23 56 88 67 -36 -94 71 -92 0
100 21 -94 85 71 0
-35 -75 -100 21 25 -92 85 95 -62 71 0
-75 21 -23 25 -94 -92 85 95 -62 71 0
35 -23 -70 -100 21 75 25 -94 0
90 -34 -9 -23 -48 75 71 0
50 -98 -36 21 -9 -35 -78 -100 -10 -94 71 -92 0
25 -10 -94 -62 -87 0
88 -90 -48 -23 0
98 5 75 71 95 0
-100 -51 -88 29 68 -10 71 0
-60 44 -69 75 0
35 -88 -69 -9 75 -98 5 0
44 -74 -64 -78 -69 2 -98 75 71 0
-88 2 29 68 -98 75 -9 5 71 -92 0
81 88 75 68 29 2 -94 -92 71 0
20 -36 -31 -64 5 44 88 -9 -10 -92 0
-90 -36 -31 44 29 75 5 88 -10 85 -92 0
-35 75 -10 -94 -62 -87 0
75 -10 -94 -62 -87 0
d -35 75 -10 -94 -62 -87 0
-9 35 88 -10 90 -25 -94 71 0
84 9 -82 88 71 -87 0
-68 -5 -26 -57 -54 88 -82 -62 -87 0
35 44 88 -10 -94 -62 -87 0
41 86 11 -36 68 44 -64 88 90 -94 85 71 0
44 88 -10 -94 -62 -87 0
d 35 44 88 -10 -94 -62 -87 0
-98 -44 -75 85 0
88 -10 -94 -62 -87 0
d 44 88 -10 -94 -62 -87 0
23 60 -5 -10 71 85 0
-44 -75 -10 -88 -94 -92 71 85 95 0
2 -21 -54 82 41 -5 44 -88 -62 -87 0
-51 60 82 41 35 44 -88 90 -62 -87 0
-64 56 41 -88 95 0
-54 -21 82 41 -5 90 -88 44 -62 -87 0
82 41 35 -88 44 90 -62 -87 0
d -51 60 82 41 35 44 -88 90 -62 -87 0
54 41 -88 44 -10 71 0
58 -26 2 41 35 90 44 -88 40 -62 -87 0
2 41 -54 9 35 -88 90 44 40 -62 -87 0
41 35 -10 -94 -62 -87 0
-2 -54 35 -69 -41 44 90 -88 71 -92 85 0
-84 2 -54 35 -41 -75 44 71 85 -92 0
98 -67 2 -69 -41 35 -75 44 -62 -87 0
-67 -54 35 -69 -41 22 -75 -88 44 -62 -87 0
-98 -57 29 2 67 -54 -69 22 -75 -88 -62 -87 0
-57 29 2 67 -54 -69 35 -75 -88 22 -10 44 -62 -87 0
-54 -69 35 -41 22 -75 -88 -10 44 -62 -87 0
35 -10 -94 -62 -87 0
-41 -99 86 -35 -78 44 -98 -94 85 71 -92 0
-10 -94 -62 -87 0
d 35 -10 -94 -62 -87 0
-64 44 -88 41 -25 40 71 -62 95 0
-54 90 -21 35 9 44 -88 41 40 -62 -87 0
44 -88 41 -94 -62 -87 0
26 -2 98 22 -36 90 -88 -44 41 10 85 -62 0
35 -88 -44 41 10 -94 -92 85 -62 71 0
-88 41 -94 -62 -87 0
d 44 -88 41 -94 -62 -87 0
-98 -44 88 -94 -25 -92 71 85 -62 0
20 71 -84 -92 88 81 -82 35 -62 -87 0
d 20 68 71 -84 -92 88 81 -82 35 -62 -87 0
81 2 -84 -82 35 88 -62 -87 0
-81 -84 -82 98 35 -44 10 -87 0
-44 41 -94 -62 -87 0
26 -84 -2 -13 41 88 -62 0
35 81 41 -94 -62 -87 0
81 41 -94 -62 -87 0
d 35 81 41 -94 -62 -87 0
-67 -36 -31 49 88 44 10 85 0
27 21 -99 23 -26 88 71 0
8 -48 -32 -24 71 0
c
c ---- [ result ] ------------------------------------------------------------
c
s SATISFIABLE
v -1 -2 -3 -4 -5 -6 7 8 9 -10 -11 12 -13 14 -15 -16 -17 18 -19 -20 -21 22 -23
v 24 25 26 27 28 -29 30 31 32 33 34 35 36 -37 -38 -39 -40 -41 42 43 -44 -45 46
v -47 48 -49 -50 51 52 -53 54 55 -56 -57 58 59 -60 61 62 63 64 65 -66 -67 -68
v -69 70 -71 -72 73 -74 -75 76 -77 78 79 -80 81 82 83 -84 -85 86 87 -88 -89 90
v 91 92 93 94 -95 96 97 98 99 100 0
c
c ---- [ profiling ] ---------------------------------------------------------
c
c           0.02   78.06 %  preprocess
c           0.02   75.97 %  probe
c           0.01   73.84 %  sweep
c           0.00   12.05 %  search
c           0.00   12.00 %  focused
c           0.00    6.09 %  parse
c           0.00    1.33 %  congruence
c           0.00    1.09 %  fastel
c           0.00    0.69 %  lucky
c           0.00    0.61 %  factor
c           0.00    0.08 %  backbone
c           0.00    0.08 %  substitute
c           0.00    0.00 %  extend
c           0.00    0.00 %  simplify
c =============================================
c           0.02  100.00 %  total
c
c ---- [ statistics ] --------------------------------------------------------
c
c conflicts:                              633            28672.37 per second
c decisions:                              735                1.16 per conflict
c eliminated:                               5                5 %  variables
c fast_eliminated:                          5              100 %  eliminated
c propagations:                         14367           650768    per second
c switched:                                 0                0    interval
c
c ---- [ glue usage ] --------------------------------------------------------
c
c focused glue 3 used 246 clauses 19.45% accumulated 56.52% tier1
c focused glue 4 used 242 clauses 19.13% accumulated 75.65%
c focused glue 5 used 155 clauses 12.25% accumulated 87.91%
c focused glue 6 used  88 clauses  6.96% accumulated 94.86% tier2
c
c ---- [ resources ] ---------------------------------------------------------
c
c maximum-resident-set-size:          3801088 bytes          4 MB
c process-time:                                              0.02 seconds
c
c ---- [ shutting down ] -----------------------------------------------------
c
c exit 10
-- Tempo de CPU total = 0.017085 --
