c 11-Coloring to SAT
p cnf 957 4553
1 2 3 4 5 6 7 8 9 10 11  0
12 13 14 15 16 17 18 19 20 21 22  0
23 24 25 26 27 28 29 30 31 32 33  0
34 35 36 37 38 39 40 41 42 43 44  0
45 46 47 48 49 50 51 52 53 54 55  0
56 57 58 59 60 61 62 63 64 65 66  0
67 68 69 70 71 72 73 74 75 76 77  0
78 79 80 81 82 83 84 85 86 87 88  0
89 90 91 92 93 94 95 96 97 98 99  0
100 101 102 103 104 105 106 107 108 109 110  0
111 112 113 114 115 116 117 118 119 120 121  0
122 123 124 125 126 127 128 129 130 131 132  0
133 134 135 136 137 138 139 140 141 142 143  0
144 145 146 147 148 149 150 151 152 153 154  0
155 156 157 158 159 160 161 162 163 164 165  0
166 167 168 169 170 171 172 173 174 175 176  0
177 178 179 180 181 182 183 184 185 186 187  0
188 189 190 191 192 193 194 195 196 197 198  0
199 200 201 202 203 204 205 206 207 208 209  0
210 211 212 213 214 215 216 217 218 219 220  0
221 222 223 224 225 226 227 228 229 230 231  0
232 233 234 235 236 237 238 239 240 241 242  0
243 244 245 246 247 248 249 250 251 252 253  0
254 255 256 257 258 259 260 261 262 263 264  0
265 266 267 268 269 270 271 272 273 274 275  0
276 277 278 279 280 281 282 283 284 285 286  0
287 288 289 290 291 292 293 294 295 296 297  0
298 299 300 301 302 303 304 305 306 307 308  0
309 310 311 312 313 314 315 316 317 318 319  0
320 321 322 323 324 325 326 327 328 329 330  0
331 332 333 334 335 336 337 338 339 340 341  0
342 343 344 345 346 347 348 349 350 351 352  0
353 354 355 356 357 358 359 360 361 362 363  0
364 365 366 367 368 369 370 371 372 373 374  0
375 376 377 378 379 380 381 382 383 384 385  0
386 387 388 389 390 391 392 393 394 395 396  0
397 398 399 400 401 402 403 404 405 406 407  0
408 409 410 411 412 413 414 415 416 417 418  0
419 420 421 422 423 424 425 426 427 428 429  0
430 431 432 433 434 435 436 437 438 439 440  0
441 442 443 444 445 446 447 448 449 450 451  0
452 453 454 455 456 457 458 459 460 461 462  0
463 464 465 466 467 468 469 470 471 472 473  0
474 475 476 477 478 479 480 481 482 483 484  0
485 486 487 488 489 490 491 492 493 494 495  0
496 497 498 499 500 501 502 503 504 505 506  0
507 508 509 510 511 512 513 514 515 516 517  0
518 519 520 521 522 523 524 525 526 527 528  0
529 530 531 532 533 534 535 536 537 538 539  0
540 541 542 543 544 545 546 547 548 549 550  0
551 552 553 554 555 556 557 558 559 560 561  0
562 563 564 565 566 567 568 569 570 571 572  0
573 574 575 576 577 578 579 580 581 582 583  0
584 585 586 587 588 589 590 591 592 593 594  0
595 596 597 598 599 600 601 602 603 604 605  0
606 607 608 609 610 611 612 613 614 615 616  0
617 618 619 620 621 622 623 624 625 626 627  0
628 629 630 631 632 633 634 635 636 637 638  0
639 640 641 642 643 644 645 646 647 648 649  0
650 651 652 653 654 655 656 657 658 659 660  0
661 662 663 664 665 666 667 668 669 670 671  0
672 673 674 675 676 677 678 679 680 681 682  0
683 684 685 686 687 688 689 690 691 692 693  0
694 695 696 697 698 699 700 701 702 703 704  0
705 706 707 708 709 710 711 712 713 714 715  0
716 717 718 719 720 721 722 723 724 725 726  0
727 728 729 730 731 732 733 734 735 736 737  0
738 739 740 741 742 743 744 745 746 747 748  0
749 750 751 752 753 754 755 756 757 758 759  0
760 761 762 763 764 765 766 767 768 769 770  0
771 772 773 774 775 776 777 778 779 780 781  0
782 783 784 785 786 787 788 789 790 791 792  0
793 794 795 796 797 798 799 800 801 802 803  0
804 805 806 807 808 809 810 811 812 813 814  0
815 816 817 818 819 820 821 822 823 824 825  0
826 827 828 829 830 831 832 833 834 835 836  0
837 838 839 840 841 842 843 844 845 846 847  0
848 849 850 851 852 853 854 855 856 857 858  0
859 860 861 862 863 864 865 866 867 868 869  0
870 871 872 873 874 875 876 877 878 879 880  0
881 882 883 884 885 886 887 888 889 890 891  0
892 893 894 895 896 897 898 899 900 901 902  0
903 904 905 906 907 908 909 910 911 912 913  0
914 915 916 917 918 919 920 921 922 923 924  0
925 926 927 928 929 930 931 932 933 934 935  0
936 937 938 939 940 941 942 943 944 945 946  0
947 948 949 950 951 952 953 954 955 956 957  0
-34 -1 0
-35 -2 0
-36 -3 0
-37 -4 0
-38 -5 0
-39 -6 0
-40 -7 0
-41 -8 0
-42 -9 0
-43 -10 0
-44 -11 0
-34 -12 0
-35 -13 0
-36 -14 0
-37 -15 0
-38 -16 0
-39 -17 0
-40 -18 0
-41 -19 0
-42 -20 0
-43 -21 0
-44 -22 0
-67 -12 0
-68 -13 0
-69 -14 0
-70 -15 0
-71 -16 0
-72 -17 0
-73 -18 0
-74 -19 0
-75 -20 0
-76 -21 0
-77 -22 0
-111 -12 0
-112 -13 0
-113 -14 0
-114 -15 0
-115 -16 0
-116 -17 0
-117 -18 0
-118 -19 0
-119 -20 0
-120 -21 0
-121 -22 0
-111 -89 0
-112 -90 0
-113 -91 0
-114 -92 0
-115 -93 0
-116 -94 0
-117 -95 0
-118 -96 0
-119 -97 0
-120 -98 0
-121 -99 0
-122 -34 0
-123 -35 0
-124 -36 0
-125 -37 0
-126 -38 0
-127 -39 0
-128 -40 0
-129 -41 0
-130 -42 0
-131 -43 0
-132 -44 0
-144 -1 0
-145 -2 0
-146 -3 0
-147 -4 0
-148 -5 0
-149 -6 0
-150 -7 0
-151 -8 0
-152 -9 0
-153 -10 0
-154 -11 0
-144 -34 0
-145 -35 0
-146 -36 0
-147 -37 0
-148 -38 0
-149 -39 0
-150 -40 0
-151 -41 0
-152 -42 0
-153 -43 0
-154 -44 0
-144 -89 0
-145 -90 0
-146 -91 0
-147 -92 0
-148 -93 0
-149 -94 0
-150 -95 0
-151 -96 0
-152 -97 0
-153 -98 0
-154 -99 0
-144 -111 0
-145 -112 0
-146 -113 0
-147 -114 0
-148 -115 0
-149 -116 0
-150 -117 0
-151 -118 0
-152 -119 0
-153 -120 0
-154 -121 0
-144 -122 0
-145 -123 0
-146 -124 0
-147 -125 0
-148 -126 0
-149 -127 0
-150 -128 0
-151 -129 0
-152 -130 0
-153 -131 0
-154 -132 0
-166 -12 0
-167 -13 0
-168 -14 0
-169 -15 0
-170 -16 0
-171 -17 0
-172 -18 0
-173 -19 0
-174 -20 0
-175 -21 0
-176 -22 0
-188 -34 0
-189 -35 0
-190 -36 0
-191 -37 0
-192 -38 0
-193 -39 0
-194 -40 0
-195 -41 0
-196 -42 0
-197 -43 0
-198 -44 0
-199 -12 0
-200 -13 0
-201 -14 0
-202 -15 0
-203 -16 0
-204 -17 0
-205 -18 0
-206 -19 0
-207 -20 0
-208 -21 0
-209 -22 0
-199 -34 0
-200 -35 0
-201 -36 0
-202 -37 0
-203 -38 0
-204 -39 0
-205 -40 0
-206 -41 0
-207 -42 0
-208 -43 0
-209 -44 0
-199 -67 0
-200 -68 0
-201 -69 0
-202 -70 0
-203 -71 0
-204 -72 0
-205 -73 0
-206 -74 0
-207 -75 0
-208 -76 0
-209 -77 0
-199 -133 0
-200 -134 0
-201 -135 0
-202 -136 0
-203 -137 0
-204 -138 0
-205 -139 0
-206 -140 0
-207 -141 0
-208 -142 0
-209 -143 0
-199 -177 0
-200 -178 0
-201 -179 0
-202 -180 0
-203 -181 0
-204 -182 0
-205 -183 0
-206 -184 0
-207 -185 0
-208 -186 0
-209 -187 0
-210 -1 0
-211 -2 0
-212 -3 0
-213 -4 0
-214 -5 0
-215 -6 0
-216 -7 0
-217 -8 0
-218 -9 0
-219 -10 0
-220 -11 0
-210 -34 0
-211 -35 0
-212 -36 0
-213 -37 0
-214 -38 0
-215 -39 0
-216 -40 0
-217 -41 0
-218 -42 0
-219 -43 0
-220 -44 0
-210 -122 0
-211 -123 0
-212 -124 0
-213 -125 0
-214 -126 0
-215 -127 0
-216 -128 0
-217 -129 0
-218 -130 0
-219 -131 0
-220 -132 0
-210 -144 0
-211 -145 0
-212 -146 0
-213 -147 0
-214 -148 0
-215 -149 0
-216 -150 0
-217 -151 0
-218 -152 0
-219 -153 0
-220 -154 0
-221 -34 0
-222 -35 0
-223 -36 0
-224 -37 0
-225 -38 0
-226 -39 0
-227 -40 0
-228 -41 0
-229 -42 0
-230 -43 0
-231 -44 0
-221 -122 0
-222 -123 0
-223 -124 0
-224 -125 0
-225 -126 0
-226 -127 0
-227 -128 0
-228 -129 0
-229 -130 0
-230 -131 0
-231 -132 0
-221 -144 0
-222 -145 0
-223 -146 0
-224 -147 0
-225 -148 0
-226 -149 0
-227 -150 0
-228 -151 0
-229 -152 0
-230 -153 0
-231 -154 0
-221 -210 0
-222 -211 0
-223 -212 0
-224 -213 0
-225 -214 0
-226 -215 0
-227 -216 0
-228 -217 0
-229 -218 0
-230 -219 0
-231 -220 0
-232 -23 0
-233 -24 0
-234 -25 0
-235 -26 0
-236 -27 0
-237 -28 0
-238 -29 0
-239 -30 0
-240 -31 0
-241 -32 0
-242 -33 0
-232 -166 0
-233 -167 0
-234 -168 0
-235 -169 0
-236 -170 0
-237 -171 0
-238 -172 0
-239 -173 0
-240 -174 0
-241 -175 0
-242 -176 0
-243 -12 0
-244 -13 0
-245 -14 0
-246 -15 0
-247 -16 0
-248 -17 0
-249 -18 0
-250 -19 0
-251 -20 0
-252 -21 0
-253 -22 0
-243 -23 0
-244 -24 0
-245 -25 0
-246 -26 0
-247 -27 0
-248 -28 0
-249 -29 0
-250 -30 0
-251 -31 0
-252 -32 0
-253 -33 0
-243 -199 0
-244 -200 0
-245 -201 0
-246 -202 0
-247 -203 0
-248 -204 0
-249 -205 0
-250 -206 0
-251 -207 0
-252 -208 0
-253 -209 0
-287 -133 0
-288 -134 0
-289 -135 0
-290 -136 0
-291 -137 0
-292 -138 0
-293 -139 0
-294 -140 0
-295 -141 0
-296 -142 0
-297 -143 0
-287 -199 0
-288 -200 0
-289 -201 0
-290 -202 0
-291 -203 0
-292 -204 0
-293 -205 0
-294 -206 0
-295 -207 0
-296 -208 0
-297 -209 0
-309 -12 0
-310 -13 0
-311 -14 0
-312 -15 0
-313 -16 0
-314 -17 0
-315 -18 0
-316 -19 0
-317 -20 0
-318 -21 0
-319 -22 0
-309 -243 0
-310 -244 0
-311 -245 0
-312 -246 0
-313 -247 0
-314 -248 0
-315 -249 0
-316 -250 0
-317 -251 0
-318 -252 0
-319 -253 0
-331 -45 0
-332 -46 0
-333 -47 0
-334 -48 0
-335 -49 0
-336 -50 0
-337 -51 0
-338 -52 0
-339 -53 0
-340 -54 0
-341 -55 0
-342 -12 0
-343 -13 0
-344 -14 0
-345 -15 0
-346 -16 0
-347 -17 0
-348 -18 0
-349 -19 0
-350 -20 0
-351 -21 0
-352 -22 0
-342 -34 0
-343 -35 0
-344 -36 0
-345 -37 0
-346 -38 0
-347 -39 0
-348 -40 0
-349 -41 0
-350 -42 0
-351 -43 0
-352 -44 0
-342 -122 0
-343 -123 0
-344 -124 0
-345 -125 0
-346 -126 0
-347 -127 0
-348 -128 0
-349 -129 0
-350 -130 0
-351 -131 0
-352 -132 0
-342 -144 0
-343 -145 0
-344 -146 0
-345 -147 0
-346 -148 0
-347 -149 0
-348 -150 0
-349 -151 0
-350 -152 0
-351 -153 0
-352 -154 0
-342 -199 0
-343 -200 0
-344 -201 0
-345 -202 0
-346 -203 0
-347 -204 0
-348 -205 0
-349 -206 0
-350 -207 0
-351 -208 0
-352 -209 0
-342 -210 0
-343 -211 0
-344 -212 0
-345 -213 0
-346 -214 0
-347 -215 0
-348 -216 0
-349 -217 0
-350 -218 0
-351 -219 0
-352 -220 0
-342 -221 0
-343 -222 0
-344 -223 0
-345 -224 0
-346 -225 0
-347 -226 0
-348 -227 0
-349 -228 0
-350 -229 0
-351 -230 0
-352 -231 0
-353 -12 0
-354 -13 0
-355 -14 0
-356 -15 0
-357 -16 0
-358 -17 0
-359 -18 0
-360 -19 0
-361 -20 0
-362 -21 0
-363 -22 0
-353 -23 0
-354 -24 0
-355 -25 0
-356 -26 0
-357 -27 0
-358 -28 0
-359 -29 0
-360 -30 0
-361 -31 0
-362 -32 0
-363 -33 0
-353 -67 0
-354 -68 0
-355 -69 0
-356 -70 0
-357 -71 0
-358 -72 0
-359 -73 0
-360 -74 0
-361 -75 0
-362 -76 0
-363 -77 0
-353 -243 0
-354 -244 0
-355 -245 0
-356 -246 0
-357 -247 0
-358 -248 0
-359 -249 0
-360 -250 0
-361 -251 0
-362 -252 0
-363 -253 0
-353 -309 0
-354 -310 0
-355 -311 0
-356 -312 0
-357 -313 0
-358 -314 0
-359 -315 0
-360 -316 0
-361 -317 0
-362 -318 0
-363 -319 0
-364 -12 0
-365 -13 0
-366 -14 0
-367 -15 0
-368 -16 0
-369 -17 0
-370 -18 0
-371 -19 0
-372 -20 0
-373 -21 0
-374 -22 0
-364 -34 0
-365 -35 0
-366 -36 0
-367 -37 0
-368 -38 0
-369 -39 0
-370 -40 0
-371 -41 0
-372 -42 0
-373 -43 0
-374 -44 0
-364 -45 0
-365 -46 0
-366 -47 0
-367 -48 0
-368 -49 0
-369 -50 0
-370 -51 0
-371 -52 0
-372 -53 0
-373 -54 0
-374 -55 0
-364 -67 0
-365 -68 0
-366 -69 0
-367 -70 0
-368 -71 0
-369 -72 0
-370 -73 0
-371 -74 0
-372 -75 0
-373 -76 0
-374 -77 0
-364 -122 0
-365 -123 0
-366 -124 0
-367 -125 0
-368 -126 0
-369 -127 0
-370 -128 0
-371 -129 0
-372 -130 0
-373 -131 0
-374 -132 0
-364 -144 0
-365 -145 0
-366 -146 0
-367 -147 0
-368 -148 0
-369 -149 0
-370 -150 0
-371 -151 0
-372 -152 0
-373 -153 0
-374 -154 0
-364 -199 0
-365 -200 0
-366 -201 0
-367 -202 0
-368 -203 0
-369 -204 0
-370 -205 0
-371 -206 0
-372 -207 0
-373 -208 0
-374 -209 0
-364 -210 0
-365 -211 0
-366 -212 0
-367 -213 0
-368 -214 0
-369 -215 0
-370 -216 0
-371 -217 0
-372 -218 0
-373 -219 0
-374 -220 0
-364 -221 0
-365 -222 0
-366 -223 0
-367 -224 0
-368 -225 0
-369 -226 0
-370 -227 0
-371 -228 0
-372 -229 0
-373 -230 0
-374 -231 0
-364 -331 0
-365 -332 0
-366 -333 0
-367 -334 0
-368 -335 0
-369 -336 0
-370 -337 0
-371 -338 0
-372 -339 0
-373 -340 0
-374 -341 0
-364 -342 0
-365 -343 0
-366 -344 0
-367 -345 0
-368 -346 0
-369 -347 0
-370 -348 0
-371 -349 0
-372 -350 0
-373 -351 0
-374 -352 0
-375 -12 0
-376 -13 0
-377 -14 0
-378 -15 0
-379 -16 0
-380 -17 0
-381 -18 0
-382 -19 0
-383 -20 0
-384 -21 0
-385 -22 0
-375 -67 0
-376 -68 0
-377 -69 0
-378 -70 0
-379 -71 0
-380 -72 0
-381 -73 0
-382 -74 0
-383 -75 0
-384 -76 0
-385 -77 0
-375 -199 0
-376 -200 0
-377 -201 0
-378 -202 0
-379 -203 0
-380 -204 0
-381 -205 0
-382 -206 0
-383 -207 0
-384 -208 0
-385 -209 0
-375 -243 0
-376 -244 0
-377 -245 0
-378 -246 0
-379 -247 0
-380 -248 0
-381 -249 0
-382 -250 0
-383 -251 0
-384 -252 0
-385 -253 0
-375 -309 0
-376 -310 0
-377 -311 0
-378 -312 0
-379 -313 0
-380 -314 0
-381 -315 0
-382 -316 0
-383 -317 0
-384 -318 0
-385 -319 0
-375 -364 0
-376 -365 0
-377 -366 0
-378 -367 0
-379 -368 0
-380 -369 0
-381 -370 0
-382 -371 0
-383 -372 0
-384 -373 0
-385 -374 0
-386 -122 0
-387 -123 0
-388 -124 0
-389 -125 0
-390 -126 0
-391 -127 0
-392 -128 0
-393 -129 0
-394 -130 0
-395 -131 0
-396 -132 0
-397 -177 0
-398 -178 0
-399 -179 0
-400 -180 0
-401 -181 0
-402 -182 0
-403 -183 0
-404 -184 0
-405 -185 0
-406 -186 0
-407 -187 0
-397 -199 0
-398 -200 0
-399 -201 0
-400 -202 0
-401 -203 0
-402 -204 0
-403 -205 0
-404 -206 0
-405 -207 0
-406 -208 0
-407 -209 0
-419 -12 0
-420 -13 0
-421 -14 0
-422 -15 0
-423 -16 0
-424 -17 0
-425 -18 0
-426 -19 0
-427 -20 0
-428 -21 0
-429 -22 0
-419 -320 0
-420 -321 0
-421 -322 0
-422 -323 0
-423 -324 0
-424 -325 0
-425 -326 0
-426 -327 0
-427 -328 0
-428 -329 0
-429 -330 0
-430 -89 0
-431 -90 0
-432 -91 0
-433 -92 0
-434 -93 0
-435 -94 0
-436 -95 0
-437 -96 0
-438 -97 0
-439 -98 0
-440 -99 0
-430 -111 0
-431 -112 0
-432 -113 0
-433 -114 0
-434 -115 0
-435 -116 0
-436 -117 0
-437 -118 0
-438 -119 0
-439 -120 0
-440 -121 0
-430 -144 0
-431 -145 0
-432 -146 0
-433 -147 0
-434 -148 0
-435 -149 0
-436 -150 0
-437 -151 0
-438 -152 0
-439 -153 0
-440 -154 0
-452 -12 0
-453 -13 0
-454 -14 0
-455 -15 0
-456 -16 0
-457 -17 0
-458 -18 0
-459 -19 0
-460 -20 0
-461 -21 0
-462 -22 0
-452 -100 0
-453 -101 0
-454 -102 0
-455 -103 0
-456 -104 0
-457 -105 0
-458 -106 0
-459 -107 0
-460 -108 0
-461 -109 0
-462 -110 0
-452 -166 0
-453 -167 0
-454 -168 0
-455 -169 0
-456 -170 0
-457 -171 0
-458 -172 0
-459 -173 0
-460 -174 0
-461 -175 0
-462 -176 0
-452 -199 0
-453 -200 0
-454 -201 0
-455 -202 0
-456 -203 0
-457 -204 0
-458 -205 0
-459 -206 0
-460 -207 0
-461 -208 0
-462 -209 0
-452 -232 0
-453 -233 0
-454 -234 0
-455 -235 0
-456 -236 0
-457 -237 0
-458 -238 0
-459 -239 0
-460 -240 0
-461 -241 0
-462 -242 0
-463 -12 0
-464 -13 0
-465 -14 0
-466 -15 0
-467 -16 0
-468 -17 0
-469 -18 0
-470 -19 0
-471 -20 0
-472 -21 0
-473 -22 0
-463 -133 0
-464 -134 0
-465 -135 0
-466 -136 0
-467 -137 0
-468 -138 0
-469 -139 0
-470 -140 0
-471 -141 0
-472 -142 0
-473 -143 0
-463 -199 0
-464 -200 0
-465 -201 0
-466 -202 0
-467 -203 0
-468 -204 0
-469 -205 0
-470 -206 0
-471 -207 0
-472 -208 0
-473 -209 0
-463 -243 0
-464 -244 0
-465 -245 0
-466 -246 0
-467 -247 0
-468 -248 0
-469 -249 0
-470 -250 0
-471 -251 0
-472 -252 0
-473 -253 0
-463 -287 0
-464 -288 0
-465 -289 0
-466 -290 0
-467 -291 0
-468 -292 0
-469 -293 0
-470 -294 0
-471 -295 0
-472 -296 0
-473 -297 0
-463 -452 0
-464 -453 0
-465 -454 0
-466 -455 0
-467 -456 0
-468 -457 0
-469 -458 0
-470 -459 0
-471 -460 0
-472 -461 0
-473 -462 0
-474 -331 0
-475 -332 0
-476 -333 0
-477 -334 0
-478 -335 0
-479 -336 0
-480 -337 0
-481 -338 0
-482 -339 0
-483 -340 0
-484 -341 0
-485 -177 0
-486 -178 0
-487 -179 0
-488 -180 0
-489 -181 0
-490 -182 0
-491 -183 0
-492 -184 0
-493 -185 0
-494 -186 0
-495 -187 0
-485 -199 0
-486 -200 0
-487 -201 0
-488 -202 0
-489 -203 0
-490 -204 0
-491 -205 0
-492 -206 0
-493 -207 0
-494 -208 0
-495 -209 0
-485 -397 0
-486 -398 0
-487 -399 0
-488 -400 0
-489 -401 0
-490 -402 0
-491 -403 0
-492 -404 0
-493 -405 0
-494 -406 0
-495 -407 0
-496 -12 0
-497 -13 0
-498 -14 0
-499 -15 0
-500 -16 0
-501 -17 0
-502 -18 0
-503 -19 0
-504 -20 0
-505 -21 0
-506 -22 0
-496 -34 0
-497 -35 0
-498 -36 0
-499 -37 0
-500 -38 0
-501 -39 0
-502 -40 0
-503 -41 0
-504 -42 0
-505 -43 0
-506 -44 0
-496 -122 0
-497 -123 0
-498 -124 0
-499 -125 0
-500 -126 0
-501 -127 0
-502 -128 0
-503 -129 0
-504 -130 0
-505 -131 0
-506 -132 0
-496 -144 0
-497 -145 0
-498 -146 0
-499 -147 0
-500 -148 0
-501 -149 0
-502 -150 0
-503 -151 0
-504 -152 0
-505 -153 0
-506 -154 0
-496 -199 0
-497 -200 0
-498 -201 0
-499 -202 0
-500 -203 0
-501 -204 0
-502 -205 0
-503 -206 0
-504 -207 0
-505 -208 0
-506 -209 0
-496 -210 0
-497 -211 0
-498 -212 0
-499 -213 0
-500 -214 0
-501 -215 0
-502 -216 0
-503 -217 0
-504 -218 0
-505 -219 0
-506 -220 0
-496 -221 0
-497 -222 0
-498 -223 0
-499 -224 0
-500 -225 0
-501 -226 0
-502 -227 0
-503 -228 0
-504 -229 0
-505 -230 0
-506 -231 0
-496 -342 0
-497 -343 0
-498 -344 0
-499 -345 0
-500 -346 0
-501 -347 0
-502 -348 0
-503 -349 0
-504 -350 0
-505 -351 0
-506 -352 0
-496 -364 0
-497 -365 0
-498 -366 0
-499 -367 0
-500 -368 0
-501 -369 0
-502 -370 0
-503 -371 0
-504 -372 0
-505 -373 0
-506 -374 0
-507 -56 0
-508 -57 0
-509 -58 0
-510 -59 0
-511 -60 0
-512 -61 0
-513 -62 0
-514 -63 0
-515 -64 0
-516 -65 0
-517 -66 0
-529 -34 0
-530 -35 0
-531 -36 0
-532 -37 0
-533 -38 0
-534 -39 0
-535 -40 0
-536 -41 0
-537 -42 0
-538 -43 0
-539 -44 0
-529 -78 0
-530 -79 0
-531 -80 0
-532 -81 0
-533 -82 0
-534 -83 0
-535 -84 0
-536 -85 0
-537 -86 0
-538 -87 0
-539 -88 0
-529 -144 0
-530 -145 0
-531 -146 0
-532 -147 0
-533 -148 0
-534 -149 0
-535 -150 0
-536 -151 0
-537 -152 0
-538 -153 0
-539 -154 0
-529 -155 0
-530 -156 0
-531 -157 0
-532 -158 0
-533 -159 0
-534 -160 0
-535 -161 0
-536 -162 0
-537 -163 0
-538 -164 0
-539 -165 0
-529 -188 0
-530 -189 0
-531 -190 0
-532 -191 0
-533 -192 0
-534 -193 0
-535 -194 0
-536 -195 0
-537 -196 0
-538 -197 0
-539 -198 0
-529 -199 0
-530 -200 0
-531 -201 0
-532 -202 0
-533 -203 0
-534 -204 0
-535 -205 0
-536 -206 0
-537 -207 0
-538 -208 0
-539 -209 0
-529 -210 0
-530 -211 0
-531 -212 0
-532 -213 0
-533 -214 0
-534 -215 0
-535 -216 0
-536 -217 0
-537 -218 0
-538 -219 0
-539 -220 0
-540 -177 0
-541 -178 0
-542 -179 0
-543 -180 0
-544 -181 0
-545 -182 0
-546 -183 0
-547 -184 0
-548 -185 0
-549 -186 0
-550 -187 0
-540 -199 0
-541 -200 0
-542 -201 0
-543 -202 0
-544 -203 0
-545 -204 0
-546 -205 0
-547 -206 0
-548 -207 0
-549 -208 0
-550 -209 0
-540 -397 0
-541 -398 0
-542 -399 0
-543 -400 0
-544 -401 0
-545 -402 0
-546 -403 0
-547 -404 0
-548 -405 0
-549 -406 0
-550 -407 0
-540 -485 0
-541 -486 0
-542 -487 0
-543 -488 0
-544 -489 0
-545 -490 0
-546 -491 0
-547 -492 0
-548 -493 0
-549 -494 0
-550 -495 0
-551 -199 0
-552 -200 0
-553 -201 0
-554 -202 0
-555 -203 0
-556 -204 0
-557 -205 0
-558 -206 0
-559 -207 0
-560 -208 0
-561 -209 0
-551 -298 0
-552 -299 0
-553 -300 0
-554 -301 0
-555 -302 0
-556 -303 0
-557 -304 0
-558 -305 0
-559 -306 0
-560 -307 0
-561 -308 0
-562 -122 0
-563 -123 0
-564 -124 0
-565 -125 0
-566 -126 0
-567 -127 0
-568 -128 0
-569 -129 0
-570 -130 0
-571 -131 0
-572 -132 0
-562 -199 0
-563 -200 0
-564 -201 0
-565 -202 0
-566 -203 0
-567 -204 0
-568 -205 0
-569 -206 0
-570 -207 0
-571 -208 0
-572 -209 0
-562 -386 0
-563 -387 0
-564 -388 0
-565 -389 0
-566 -390 0
-567 -391 0
-568 -392 0
-569 -393 0
-570 -394 0
-571 -395 0
-572 -396 0
-562 -529 0
-563 -530 0
-564 -531 0
-565 -532 0
-566 -533 0
-567 -534 0
-568 -535 0
-569 -536 0
-570 -537 0
-571 -538 0
-572 -539 0
-573 -12 0
-574 -13 0
-575 -14 0
-576 -15 0
-577 -16 0
-578 -17 0
-579 -18 0
-580 -19 0
-581 -20 0
-582 -21 0
-583 -22 0
-573 -199 0
-574 -200 0
-575 -201 0
-576 -202 0
-577 -203 0
-578 -204 0
-579 -205 0
-580 -206 0
-581 -207 0
-582 -208 0
-583 -209 0
-573 -452 0
-574 -453 0
-575 -454 0
-576 -455 0
-577 -456 0
-578 -457 0
-579 -458 0
-580 -459 0
-581 -460 0
-582 -461 0
-583 -462 0
-573 -463 0
-574 -464 0
-575 -465 0
-576 -466 0
-577 -467 0
-578 -468 0
-579 -469 0
-580 -470 0
-581 -471 0
-582 -472 0
-583 -473 0
-584 -12 0
-585 -13 0
-586 -14 0
-587 -15 0
-588 -16 0
-589 -17 0
-590 -18 0
-591 -19 0
-592 -20 0
-593 -21 0
-594 -22 0
-584 -375 0
-585 -376 0
-586 -377 0
-587 -378 0
-588 -379 0
-589 -380 0
-590 -381 0
-591 -382 0
-592 -383 0
-593 -384 0
-594 -385 0
-595 -12 0
-596 -13 0
-597 -14 0
-598 -15 0
-599 -16 0
-600 -17 0
-601 -18 0
-602 -19 0
-603 -20 0
-604 -21 0
-605 -22 0
-595 -34 0
-596 -35 0
-597 -36 0
-598 -37 0
-599 -38 0
-600 -39 0
-601 -40 0
-602 -41 0
-603 -42 0
-604 -43 0
-605 -44 0
-595 -199 0
-596 -200 0
-597 -201 0
-598 -202 0
-599 -203 0
-600 -204 0
-601 -205 0
-602 -206 0
-603 -207 0
-604 -208 0
-605 -209 0
-595 -342 0
-596 -343 0
-597 -344 0
-598 -345 0
-599 -346 0
-600 -347 0
-601 -348 0
-602 -349 0
-603 -350 0
-604 -351 0
-605 -352 0
-595 -364 0
-596 -365 0
-597 -366 0
-598 -367 0
-599 -368 0
-600 -369 0
-601 -370 0
-602 -371 0
-603 -372 0
-604 -373 0
-605 -374 0
-595 -496 0
-596 -497 0
-597 -498 0
-598 -499 0
-599 -500 0
-600 -501 0
-601 -502 0
-602 -503 0
-603 -504 0
-604 -505 0
-605 -506 0
-606 -12 0
-607 -13 0
-608 -14 0
-609 -15 0
-610 -16 0
-611 -17 0
-612 -18 0
-613 -19 0
-614 -20 0
-615 -21 0
-616 -22 0
-606 -375 0
-607 -376 0
-608 -377 0
-609 -378 0
-610 -379 0
-611 -380 0
-612 -381 0
-613 -382 0
-614 -383 0
-615 -384 0
-616 -385 0
-617 -89 0
-618 -90 0
-619 -91 0
-620 -92 0
-621 -93 0
-622 -94 0
-623 -95 0
-624 -96 0
-625 -97 0
-626 -98 0
-627 -99 0
-617 -430 0
-618 -431 0
-619 -432 0
-620 -433 0
-621 -434 0
-622 -435 0
-623 -436 0
-624 -437 0
-625 -438 0
-626 -439 0
-627 -440 0
-628 -12 0
-629 -13 0
-630 -14 0
-631 -15 0
-632 -16 0
-633 -17 0
-634 -18 0
-635 -19 0
-636 -20 0
-637 -21 0
-638 -22 0
-628 -23 0
-629 -24 0
-630 -25 0
-631 -26 0
-632 -27 0
-633 -28 0
-634 -29 0
-635 -30 0
-636 -31 0
-637 -32 0
-638 -33 0
-628 -67 0
-629 -68 0
-630 -69 0
-631 -70 0
-632 -71 0
-633 -72 0
-634 -73 0
-635 -74 0
-636 -75 0
-637 -76 0
-638 -77 0
-628 -177 0
-629 -178 0
-630 -179 0
-631 -180 0
-632 -181 0
-633 -182 0
-634 -183 0
-635 -184 0
-636 -185 0
-637 -186 0
-638 -187 0
-628 -199 0
-629 -200 0
-630 -201 0
-631 -202 0
-632 -203 0
-633 -204 0
-634 -205 0
-635 -206 0
-636 -207 0
-637 -208 0
-638 -209 0
-628 -353 0
-629 -354 0
-630 -355 0
-631 -356 0
-632 -357 0
-633 -358 0
-634 -359 0
-635 -360 0
-636 -361 0
-637 -362 0
-638 -363 0
-628 -364 0
-629 -365 0
-630 -366 0
-631 -367 0
-632 -368 0
-633 -369 0
-634 -370 0
-635 -371 0
-636 -372 0
-637 -373 0
-638 -374 0
-628 -375 0
-629 -376 0
-630 -377 0
-631 -378 0
-632 -379 0
-633 -380 0
-634 -381 0
-635 -382 0
-636 -383 0
-637 -384 0
-638 -385 0
-628 -397 0
-629 -398 0
-630 -399 0
-631 -400 0
-632 -401 0
-633 -402 0
-634 -403 0
-635 -404 0
-636 -405 0
-637 -406 0
-638 -407 0
-628 -485 0
-629 -486 0
-630 -487 0
-631 -488 0
-632 -489 0
-633 -490 0
-634 -491 0
-635 -492 0
-636 -493 0
-637 -494 0
-638 -495 0
-628 -540 0
-629 -541 0
-630 -542 0
-631 -543 0
-632 -544 0
-633 -545 0
-634 -546 0
-635 -547 0
-636 -548 0
-637 -549 0
-638 -550 0
-639 -34 0
-640 -35 0
-641 -36 0
-642 -37 0
-643 -38 0
-644 -39 0
-645 -40 0
-646 -41 0
-647 -42 0
-648 -43 0
-649 -44 0
-639 -188 0
-640 -189 0
-641 -190 0
-642 -191 0
-643 -192 0
-644 -193 0
-645 -194 0
-646 -195 0
-647 -196 0
-648 -197 0
-649 -198 0
-639 -210 0
-640 -211 0
-641 -212 0
-642 -213 0
-643 -214 0
-644 -215 0
-645 -216 0
-646 -217 0
-647 -218 0
-648 -219 0
-649 -220 0
-639 -529 0
-640 -530 0
-641 -531 0
-642 -532 0
-643 -533 0
-644 -534 0
-645 -535 0
-646 -536 0
-647 -537 0
-648 -538 0
-649 -539 0
-650 -133 0
-651 -134 0
-652 -135 0
-653 -136 0
-654 -137 0
-655 -138 0
-656 -139 0
-657 -140 0
-658 -141 0
-659 -142 0
-660 -143 0
-650 -199 0
-651 -200 0
-652 -201 0
-653 -202 0
-654 -203 0
-655 -204 0
-656 -205 0
-657 -206 0
-658 -207 0
-659 -208 0
-660 -209 0
-650 -287 0
-651 -288 0
-652 -289 0
-653 -290 0
-654 -291 0
-655 -292 0
-656 -293 0
-657 -294 0
-658 -295 0
-659 -296 0
-660 -297 0
-650 -463 0
-651 -464 0
-652 -465 0
-653 -466 0
-654 -467 0
-655 -468 0
-656 -469 0
-657 -470 0
-658 -471 0
-659 -472 0
-660 -473 0
-650 -551 0
-651 -552 0
-652 -553 0
-653 -554 0
-654 -555 0
-655 -556 0
-656 -557 0
-657 -558 0
-658 -559 0
-659 -560 0
-660 -561 0
-661 -155 0
-662 -156 0
-663 -157 0
-664 -158 0
-665 -159 0
-666 -160 0
-667 -161 0
-668 -162 0
-669 -163 0
-670 -164 0
-671 -165 0
-661 -529 0
-662 -530 0
-663 -531 0
-664 -532 0
-665 -533 0
-666 -534 0
-667 -535 0
-668 -536 0
-669 -537 0
-670 -538 0
-671 -539 0
-683 -166 0
-684 -167 0
-685 -168 0
-686 -169 0
-687 -170 0
-688 -171 0
-689 -172 0
-690 -173 0
-691 -174 0
-692 -175 0
-693 -176 0
-683 -232 0
-684 -233 0
-685 -234 0
-686 -235 0
-687 -236 0
-688 -237 0
-689 -238 0
-690 -239 0
-691 -240 0
-692 -241 0
-693 -242 0
-683 -452 0
-684 -453 0
-685 -454 0
-686 -455 0
-687 -456 0
-688 -457 0
-689 -458 0
-690 -459 0
-691 -460 0
-692 -461 0
-693 -462 0
-716 -1 0
-717 -2 0
-718 -3 0
-719 -4 0
-720 -5 0
-721 -6 0
-722 -7 0
-723 -8 0
-724 -9 0
-725 -10 0
-726 -11 0
-716 -12 0
-717 -13 0
-718 -14 0
-719 -15 0
-720 -16 0
-721 -17 0
-722 -18 0
-723 -19 0
-724 -20 0
-725 -21 0
-726 -22 0
-716 -34 0
-717 -35 0
-718 -36 0
-719 -37 0
-720 -38 0
-721 -39 0
-722 -40 0
-723 -41 0
-724 -42 0
-725 -43 0
-726 -44 0
-716 -144 0
-717 -145 0
-718 -146 0
-719 -147 0
-720 -148 0
-721 -149 0
-722 -150 0
-723 -151 0
-724 -152 0
-725 -153 0
-726 -154 0
-716 -166 0
-717 -167 0
-718 -168 0
-719 -169 0
-720 -170 0
-721 -171 0
-722 -172 0
-723 -173 0
-724 -174 0
-725 -175 0
-726 -176 0
-716 -199 0
-717 -200 0
-718 -201 0
-719 -202 0
-720 -203 0
-721 -204 0
-722 -205 0
-723 -206 0
-724 -207 0
-725 -208 0
-726 -209 0
-716 -210 0
-717 -211 0
-718 -212 0
-719 -213 0
-720 -214 0
-721 -215 0
-722 -216 0
-723 -217 0
-724 -218 0
-725 -219 0
-726 -220 0
-716 -221 0
-717 -222 0
-718 -223 0
-719 -224 0
-720 -225 0
-721 -226 0
-722 -227 0
-723 -228 0
-724 -229 0
-725 -230 0
-726 -231 0
-716 -254 0
-717 -255 0
-718 -256 0
-719 -257 0
-720 -258 0
-721 -259 0
-722 -260 0
-723 -261 0
-724 -262 0
-725 -263 0
-726 -264 0
-716 -342 0
-717 -343 0
-718 -344 0
-719 -345 0
-720 -346 0
-721 -347 0
-722 -348 0
-723 -349 0
-724 -350 0
-725 -351 0
-726 -352 0
-716 -364 0
-717 -365 0
-718 -366 0
-719 -367 0
-720 -368 0
-721 -369 0
-722 -370 0
-723 -371 0
-724 -372 0
-725 -373 0
-726 -374 0
-716 -375 0
-717 -376 0
-718 -377 0
-719 -378 0
-720 -379 0
-721 -380 0
-722 -381 0
-723 -382 0
-724 -383 0
-725 -384 0
-726 -385 0
-716 -419 0
-717 -420 0
-718 -421 0
-719 -422 0
-720 -423 0
-721 -424 0
-722 -425 0
-723 -426 0
-724 -427 0
-725 -428 0
-726 -429 0
-716 -452 0
-717 -453 0
-718 -454 0
-719 -455 0
-720 -456 0
-721 -457 0
-722 -458 0
-723 -459 0
-724 -460 0
-725 -461 0
-726 -462 0
-716 -463 0
-717 -464 0
-718 -465 0
-719 -466 0
-720 -467 0
-721 -468 0
-722 -469 0
-723 -470 0
-724 -471 0
-725 -472 0
-726 -473 0
-716 -496 0
-717 -497 0
-718 -498 0
-719 -499 0
-720 -500 0
-721 -501 0
-722 -502 0
-723 -503 0
-724 -504 0
-725 -505 0
-726 -506 0
-716 -529 0
-717 -530 0
-718 -531 0
-719 -532 0
-720 -533 0
-721 -534 0
-722 -535 0
-723 -536 0
-724 -537 0
-725 -538 0
-726 -539 0
-716 -573 0
-717 -574 0
-718 -575 0
-719 -576 0
-720 -577 0
-721 -578 0
-722 -579 0
-723 -580 0
-724 -581 0
-725 -582 0
-726 -583 0
-716 -595 0
-717 -596 0
-718 -597 0
-719 -598 0
-720 -599 0
-721 -600 0
-722 -601 0
-723 -602 0
-724 -603 0
-725 -604 0
-726 -605 0
-727 -12 0
-728 -13 0
-729 -14 0
-730 -15 0
-731 -16 0
-732 -17 0
-733 -18 0
-734 -19 0
-735 -20 0
-736 -21 0
-737 -22 0
-727 -111 0
-728 -112 0
-729 -113 0
-730 -114 0
-731 -115 0
-732 -116 0
-733 -117 0
-734 -118 0
-735 -119 0
-736 -120 0
-737 -121 0
-727 -166 0
-728 -167 0
-729 -168 0
-730 -169 0
-731 -170 0
-732 -171 0
-733 -172 0
-734 -173 0
-735 -174 0
-736 -175 0
-737 -176 0
-727 -243 0
-728 -244 0
-729 -245 0
-730 -246 0
-731 -247 0
-732 -248 0
-733 -249 0
-734 -250 0
-735 -251 0
-736 -252 0
-737 -253 0
-727 -254 0
-728 -255 0
-729 -256 0
-730 -257 0
-731 -258 0
-732 -259 0
-733 -260 0
-734 -261 0
-735 -262 0
-736 -263 0
-737 -264 0
-727 -309 0
-728 -310 0
-729 -311 0
-730 -312 0
-731 -313 0
-732 -314 0
-733 -315 0
-734 -316 0
-735 -317 0
-736 -318 0
-737 -319 0
-727 -331 0
-728 -332 0
-729 -333 0
-730 -334 0
-731 -335 0
-732 -336 0
-733 -337 0
-734 -338 0
-735 -339 0
-736 -340 0
-737 -341 0
-727 -353 0
-728 -354 0
-729 -355 0
-730 -356 0
-731 -357 0
-732 -358 0
-733 -359 0
-734 -360 0
-735 -361 0
-736 -362 0
-737 -363 0
-727 -375 0
-728 -376 0
-729 -377 0
-730 -378 0
-731 -379 0
-732 -380 0
-733 -381 0
-734 -382 0
-735 -383 0
-736 -384 0
-737 -385 0
-727 -452 0
-728 -453 0
-729 -454 0
-730 -455 0
-731 -456 0
-732 -457 0
-733 -458 0
-734 -459 0
-735 -460 0
-736 -461 0
-737 -462 0
-727 -584 0
-728 -585 0
-729 -586 0
-730 -587 0
-731 -588 0
-732 -589 0
-733 -590 0
-734 -591 0
-735 -592 0
-736 -593 0
-737 -594 0
-727 -716 0
-728 -717 0
-729 -718 0
-730 -719 0
-731 -720 0
-732 -721 0
-733 -722 0
-734 -723 0
-735 -724 0
-736 -725 0
-737 -726 0
-738 -122 0
-739 -123 0
-740 -124 0
-741 -125 0
-742 -126 0
-743 -127 0
-744 -128 0
-745 -129 0
-746 -130 0
-747 -131 0
-748 -132 0
-738 -199 0
-739 -200 0
-740 -201 0
-741 -202 0
-742 -203 0
-743 -204 0
-744 -205 0
-745 -206 0
-746 -207 0
-747 -208 0
-748 -209 0
-738 -298 0
-739 -299 0
-740 -300 0
-741 -301 0
-742 -302 0
-743 -303 0
-744 -304 0
-745 -305 0
-746 -306 0
-747 -307 0
-748 -308 0
-738 -529 0
-739 -530 0
-740 -531 0
-741 -532 0
-742 -533 0
-743 -534 0
-744 -535 0
-745 -536 0
-746 -537 0
-747 -538 0
-748 -539 0
-738 -551 0
-739 -552 0
-740 -553 0
-741 -554 0
-742 -555 0
-743 -556 0
-744 -557 0
-745 -558 0
-746 -559 0
-747 -560 0
-748 -561 0
-738 -562 0
-739 -563 0
-740 -564 0
-741 -565 0
-742 -566 0
-743 -567 0
-744 -568 0
-745 -569 0
-746 -570 0
-747 -571 0
-748 -572 0
-749 -199 0
-750 -200 0
-751 -201 0
-752 -202 0
-753 -203 0
-754 -204 0
-755 -205 0
-756 -206 0
-757 -207 0
-758 -208 0
-759 -209 0
-749 -298 0
-750 -299 0
-751 -300 0
-752 -301 0
-753 -302 0
-754 -303 0
-755 -304 0
-756 -305 0
-757 -306 0
-758 -307 0
-759 -308 0
-749 -529 0
-750 -530 0
-751 -531 0
-752 -532 0
-753 -533 0
-754 -534 0
-755 -535 0
-756 -536 0
-757 -537 0
-758 -538 0
-759 -539 0
-749 -551 0
-750 -552 0
-751 -553 0
-752 -554 0
-753 -555 0
-754 -556 0
-755 -557 0
-756 -558 0
-757 -559 0
-758 -560 0
-759 -561 0
-749 -562 0
-750 -563 0
-751 -564 0
-752 -565 0
-753 -566 0
-754 -567 0
-755 -568 0
-756 -569 0
-757 -570 0
-758 -571 0
-759 -572 0
-749 -628 0
-750 -629 0
-751 -630 0
-752 -631 0
-753 -632 0
-754 -633 0
-755 -634 0
-756 -635 0
-757 -636 0
-758 -637 0
-759 -638 0
-749 -738 0
-750 -739 0
-751 -740 0
-752 -741 0
-753 -742 0
-754 -743 0
-755 -744 0
-756 -745 0
-757 -746 0
-758 -747 0
-759 -748 0
-760 -342 0
-761 -343 0
-762 -344 0
-763 -345 0
-764 -346 0
-765 -347 0
-766 -348 0
-767 -349 0
-768 -350 0
-769 -351 0
-770 -352 0
-760 -364 0
-761 -365 0
-762 -366 0
-763 -367 0
-764 -368 0
-765 -369 0
-766 -370 0
-767 -371 0
-768 -372 0
-769 -373 0
-770 -374 0
-760 -496 0
-761 -497 0
-762 -498 0
-763 -499 0
-764 -500 0
-765 -501 0
-766 -502 0
-767 -503 0
-768 -504 0
-769 -505 0
-770 -506 0
-760 -595 0
-761 -596 0
-762 -597 0
-763 -598 0
-764 -599 0
-765 -600 0
-766 -601 0
-767 -602 0
-768 -603 0
-769 -604 0
-770 -605 0
-771 -78 0
-772 -79 0
-773 -80 0
-774 -81 0
-775 -82 0
-776 -83 0
-777 -84 0
-778 -85 0
-779 -86 0
-780 -87 0
-781 -88 0
-771 -188 0
-772 -189 0
-773 -190 0
-774 -191 0
-775 -192 0
-776 -193 0
-777 -194 0
-778 -195 0
-779 -196 0
-780 -197 0
-781 -198 0
-771 -199 0
-772 -200 0
-773 -201 0
-774 -202 0
-775 -203 0
-776 -204 0
-777 -205 0
-778 -206 0
-779 -207 0
-780 -208 0
-781 -209 0
-771 -210 0
-772 -211 0
-773 -212 0
-774 -213 0
-775 -214 0
-776 -215 0
-777 -216 0
-778 -217 0
-779 -218 0
-780 -219 0
-781 -220 0
-771 -364 0
-772 -365 0
-773 -366 0
-774 -367 0
-775 -368 0
-776 -369 0
-777 -370 0
-778 -371 0
-779 -372 0
-780 -373 0
-781 -374 0
-771 -496 0
-772 -497 0
-773 -498 0
-774 -499 0
-775 -500 0
-776 -501 0
-777 -502 0
-778 -503 0
-779 -504 0
-780 -505 0
-781 -506 0
-771 -529 0
-772 -530 0
-773 -531 0
-774 -532 0
-775 -533 0
-776 -534 0
-777 -535 0
-778 -536 0
-779 -537 0
-780 -538 0
-781 -539 0
-771 -628 0
-772 -629 0
-773 -630 0
-774 -631 0
-775 -632 0
-776 -633 0
-777 -634 0
-778 -635 0
-779 -636 0
-780 -637 0
-781 -638 0
-771 -639 0
-772 -640 0
-773 -641 0
-774 -642 0
-775 -643 0
-776 -644 0
-777 -645 0
-778 -646 0
-779 -647 0
-780 -648 0
-781 -649 0
-771 -749 0
-772 -750 0
-773 -751 0
-774 -752 0
-775 -753 0
-776 -754 0
-777 -755 0
-778 -756 0
-779 -757 0
-780 -758 0
-781 -759 0
-782 -12 0
-783 -13 0
-784 -14 0
-785 -15 0
-786 -16 0
-787 -17 0
-788 -18 0
-789 -19 0
-790 -20 0
-791 -21 0
-792 -22 0
-782 -23 0
-783 -24 0
-784 -25 0
-785 -26 0
-786 -27 0
-787 -28 0
-788 -29 0
-789 -30 0
-790 -31 0
-791 -32 0
-792 -33 0
-782 -199 0
-783 -200 0
-784 -201 0
-785 -202 0
-786 -203 0
-787 -204 0
-788 -205 0
-789 -206 0
-790 -207 0
-791 -208 0
-792 -209 0
-782 -243 0
-783 -244 0
-784 -245 0
-785 -246 0
-786 -247 0
-787 -248 0
-788 -249 0
-789 -250 0
-790 -251 0
-791 -252 0
-792 -253 0
-782 -309 0
-783 -310 0
-784 -311 0
-785 -312 0
-786 -313 0
-787 -314 0
-788 -315 0
-789 -316 0
-790 -317 0
-791 -318 0
-792 -319 0
-782 -353 0
-783 -354 0
-784 -355 0
-785 -356 0
-786 -357 0
-787 -358 0
-788 -359 0
-789 -360 0
-790 -361 0
-791 -362 0
-792 -363 0
-782 -375 0
-783 -376 0
-784 -377 0
-785 -378 0
-786 -379 0
-787 -380 0
-788 -381 0
-789 -382 0
-790 -383 0
-791 -384 0
-792 -385 0
-782 -463 0
-783 -464 0
-784 -465 0
-785 -466 0
-786 -467 0
-787 -468 0
-788 -469 0
-789 -470 0
-790 -471 0
-791 -472 0
-792 -473 0
-782 -628 0
-783 -629 0
-784 -630 0
-785 -631 0
-786 -632 0
-787 -633 0
-788 -634 0
-789 -635 0
-790 -636 0
-791 -637 0
-792 -638 0
-782 -727 0
-783 -728 0
-784 -729 0
-785 -730 0
-786 -731 0
-787 -732 0
-788 -733 0
-789 -734 0
-790 -735 0
-791 -736 0
-792 -737 0
-793 -177 0
-794 -178 0
-795 -179 0
-796 -180 0
-797 -181 0
-798 -182 0
-799 -183 0
-800 -184 0
-801 -185 0
-802 -186 0
-803 -187 0
-793 -199 0
-794 -200 0
-795 -201 0
-796 -202 0
-797 -203 0
-798 -204 0
-799 -205 0
-800 -206 0
-801 -207 0
-802 -208 0
-803 -209 0
-793 -397 0
-794 -398 0
-795 -399 0
-796 -400 0
-797 -401 0
-798 -402 0
-799 -403 0
-800 -404 0
-801 -405 0
-802 -406 0
-803 -407 0
-793 -485 0
-794 -486 0
-795 -487 0
-796 -488 0
-797 -489 0
-798 -490 0
-799 -491 0
-800 -492 0
-801 -493 0
-802 -494 0
-803 -495 0
-793 -540 0
-794 -541 0
-795 -542 0
-796 -543 0
-797 -544 0
-798 -545 0
-799 -546 0
-800 -547 0
-801 -548 0
-802 -549 0
-803 -550 0
-793 -628 0
-794 -629 0
-795 -630 0
-796 -631 0
-797 -632 0
-798 -633 0
-799 -634 0
-800 -635 0
-801 -636 0
-802 -637 0
-803 -638 0
-804 -12 0
-805 -13 0
-806 -14 0
-807 -15 0
-808 -16 0
-809 -17 0
-810 -18 0
-811 -19 0
-812 -20 0
-813 -21 0
-814 -22 0
-804 -34 0
-805 -35 0
-806 -36 0
-807 -37 0
-808 -38 0
-809 -39 0
-810 -40 0
-811 -41 0
-812 -42 0
-813 -43 0
-814 -44 0
-804 -122 0
-805 -123 0
-806 -124 0
-807 -125 0
-808 -126 0
-809 -127 0
-810 -128 0
-811 -129 0
-812 -130 0
-813 -131 0
-814 -132 0
-804 -144 0
-805 -145 0
-806 -146 0
-807 -147 0
-808 -148 0
-809 -149 0
-810 -150 0
-811 -151 0
-812 -152 0
-813 -153 0
-814 -154 0
-804 -199 0
-805 -200 0
-806 -201 0
-807 -202 0
-808 -203 0
-809 -204 0
-810 -205 0
-811 -206 0
-812 -207 0
-813 -208 0
-814 -209 0
-804 -210 0
-805 -211 0
-806 -212 0
-807 -213 0
-808 -214 0
-809 -215 0
-810 -216 0
-811 -217 0
-812 -218 0
-813 -219 0
-814 -220 0
-804 -221 0
-805 -222 0
-806 -223 0
-807 -224 0
-808 -225 0
-809 -226 0
-810 -227 0
-811 -228 0
-812 -229 0
-813 -230 0
-814 -231 0
-804 -342 0
-805 -343 0
-806 -344 0
-807 -345 0
-808 -346 0
-809 -347 0
-810 -348 0
-811 -349 0
-812 -350 0
-813 -351 0
-814 -352 0
-804 -364 0
-805 -365 0
-806 -366 0
-807 -367 0
-808 -368 0
-809 -369 0
-810 -370 0
-811 -371 0
-812 -372 0
-813 -373 0
-814 -374 0
-804 -496 0
-805 -497 0
-806 -498 0
-807 -499 0
-808 -500 0
-809 -501 0
-810 -502 0
-811 -503 0
-812 -504 0
-813 -505 0
-814 -506 0
-804 -595 0
-805 -596 0
-806 -597 0
-807 -598 0
-808 -599 0
-809 -600 0
-810 -601 0
-811 -602 0
-812 -603 0
-813 -604 0
-814 -605 0
-804 -716 0
-805 -717 0
-806 -718 0
-807 -719 0
-808 -720 0
-809 -721 0
-810 -722 0
-811 -723 0
-812 -724 0
-813 -725 0
-814 -726 0
-804 -760 0
-805 -761 0
-806 -762 0
-807 -763 0
-808 -764 0
-809 -765 0
-810 -766 0
-811 -767 0
-812 -768 0
-813 -769 0
-814 -770 0
-826 -12 0
-827 -13 0
-828 -14 0
-829 -15 0
-830 -16 0
-831 -17 0
-832 -18 0
-833 -19 0
-834 -20 0
-835 -21 0
-836 -22 0
-826 -89 0
-827 -90 0
-828 -91 0
-829 -92 0
-830 -93 0
-831 -94 0
-832 -95 0
-833 -96 0
-834 -97 0
-835 -98 0
-836 -99 0
-826 -111 0
-827 -112 0
-828 -113 0
-829 -114 0
-830 -115 0
-831 -116 0
-832 -117 0
-833 -118 0
-834 -119 0
-835 -120 0
-836 -121 0
-826 -144 0
-827 -145 0
-828 -146 0
-829 -147 0
-830 -148 0
-831 -149 0
-832 -150 0
-833 -151 0
-834 -152 0
-835 -153 0
-836 -154 0
-826 -166 0
-827 -167 0
-828 -168 0
-829 -169 0
-830 -170 0
-831 -171 0
-832 -172 0
-833 -173 0
-834 -174 0
-835 -175 0
-836 -176 0
-826 -331 0
-827 -332 0
-828 -333 0
-829 -334 0
-830 -335 0
-831 -336 0
-832 -337 0
-833 -338 0
-834 -339 0
-835 -340 0
-836 -341 0
-826 -375 0
-827 -376 0
-828 -377 0
-829 -378 0
-830 -379 0
-831 -380 0
-832 -381 0
-833 -382 0
-834 -383 0
-835 -384 0
-836 -385 0
-826 -430 0
-827 -431 0
-828 -432 0
-829 -433 0
-830 -434 0
-831 -435 0
-832 -436 0
-833 -437 0
-834 -438 0
-835 -439 0
-836 -440 0
-826 -474 0
-827 -475 0
-828 -476 0
-829 -477 0
-830 -478 0
-831 -479 0
-832 -480 0
-833 -481 0
-834 -482 0
-835 -483 0
-836 -484 0
-826 -584 0
-827 -585 0
-828 -586 0
-829 -587 0
-830 -588 0
-831 -589 0
-832 -590 0
-833 -591 0
-834 -592 0
-835 -593 0
-836 -594 0
-826 -716 0
-827 -717 0
-828 -718 0
-829 -719 0
-830 -720 0
-831 -721 0
-832 -722 0
-833 -723 0
-834 -724 0
-835 -725 0
-836 -726 0
-826 -727 0
-827 -728 0
-828 -729 0
-829 -730 0
-830 -731 0
-831 -732 0
-832 -733 0
-833 -734 0
-834 -735 0
-835 -736 0
-836 -737 0
-837 -166 0
-838 -167 0
-839 -168 0
-840 -169 0
-841 -170 0
-842 -171 0
-843 -172 0
-844 -173 0
-845 -174 0
-846 -175 0
-847 -176 0
-837 -232 0
-838 -233 0
-839 -234 0
-840 -235 0
-841 -236 0
-842 -237 0
-843 -238 0
-844 -239 0
-845 -240 0
-846 -241 0
-847 -242 0
-837 -452 0
-838 -453 0
-839 -454 0
-840 -455 0
-841 -456 0
-842 -457 0
-843 -458 0
-844 -459 0
-845 -460 0
-846 -461 0
-847 -462 0
-837 -683 0
-838 -684 0
-839 -685 0
-840 -686 0
-841 -687 0
-842 -688 0
-843 -689 0
-844 -690 0
-845 -691 0
-846 -692 0
-847 -693 0
-848 -45 0
-849 -46 0
-850 -47 0
-851 -48 0
-852 -49 0
-853 -50 0
-854 -51 0
-855 -52 0
-856 -53 0
-857 -54 0
-858 -55 0
-859 -1 0
-860 -2 0
-861 -3 0
-862 -4 0
-863 -5 0
-864 -6 0
-865 -7 0
-866 -8 0
-867 -9 0
-868 -10 0
-869 -11 0
-859 -12 0
-860 -13 0
-861 -14 0
-862 -15 0
-863 -16 0
-864 -17 0
-865 -18 0
-866 -19 0
-867 -20 0
-868 -21 0
-869 -22 0
-859 -34 0
-860 -35 0
-861 -36 0
-862 -37 0
-863 -38 0
-864 -39 0
-865 -40 0
-866 -41 0
-867 -42 0
-868 -43 0
-869 -44 0
-859 -144 0
-860 -145 0
-861 -146 0
-862 -147 0
-863 -148 0
-864 -149 0
-865 -150 0
-866 -151 0
-867 -152 0
-868 -153 0
-869 -154 0
-859 -210 0
-860 -211 0
-861 -212 0
-862 -213 0
-863 -214 0
-864 -215 0
-865 -216 0
-866 -217 0
-867 -218 0
-868 -219 0
-869 -220 0
-859 -221 0
-860 -222 0
-861 -223 0
-862 -224 0
-863 -225 0
-864 -226 0
-865 -227 0
-866 -228 0
-867 -229 0
-868 -230 0
-869 -231 0
-859 -529 0
-860 -530 0
-861 -531 0
-862 -532 0
-863 -533 0
-864 -534 0
-865 -535 0
-866 -536 0
-867 -537 0
-868 -538 0
-869 -539 0
-859 -716 0
-860 -717 0
-861 -718 0
-862 -719 0
-863 -720 0
-864 -721 0
-865 -722 0
-866 -723 0
-867 -724 0
-868 -725 0
-869 -726 0
-870 -12 0
-871 -13 0
-872 -14 0
-873 -15 0
-874 -16 0
-875 -17 0
-876 -18 0
-877 -19 0
-878 -20 0
-879 -21 0
-880 -22 0
-870 -254 0
-871 -255 0
-872 -256 0
-873 -257 0
-874 -258 0
-875 -259 0
-876 -260 0
-877 -261 0
-878 -262 0
-879 -263 0
-880 -264 0
-870 -716 0
-871 -717 0
-872 -718 0
-873 -719 0
-874 -720 0
-875 -721 0
-876 -722 0
-877 -723 0
-878 -724 0
-879 -725 0
-880 -726 0
-870 -727 0
-871 -728 0
-872 -729 0
-873 -730 0
-874 -731 0
-875 -732 0
-876 -733 0
-877 -734 0
-878 -735 0
-879 -736 0
-880 -737 0
-870 -826 0
-871 -827 0
-872 -828 0
-873 -829 0
-874 -830 0
-875 -831 0
-876 -832 0
-877 -833 0
-878 -834 0
-879 -835 0
-880 -836 0
-881 -12 0
-882 -13 0
-883 -14 0
-884 -15 0
-885 -16 0
-886 -17 0
-887 -18 0
-888 -19 0
-889 -20 0
-890 -21 0
-891 -22 0
-881 -199 0
-882 -200 0
-883 -201 0
-884 -202 0
-885 -203 0
-886 -204 0
-887 -205 0
-888 -206 0
-889 -207 0
-890 -208 0
-891 -209 0
-881 -452 0
-882 -453 0
-883 -454 0
-884 -455 0
-885 -456 0
-886 -457 0
-887 -458 0
-888 -459 0
-889 -460 0
-890 -461 0
-891 -462 0
-881 -463 0
-882 -464 0
-883 -465 0
-884 -466 0
-885 -467 0
-886 -468 0
-887 -469 0
-888 -470 0
-889 -471 0
-890 -472 0
-891 -473 0
-881 -573 0
-882 -574 0
-883 -575 0
-884 -576 0
-885 -577 0
-886 -578 0
-887 -579 0
-888 -580 0
-889 -581 0
-890 -582 0
-891 -583 0
-881 -716 0
-882 -717 0
-883 -718 0
-884 -719 0
-885 -720 0
-886 -721 0
-887 -722 0
-888 -723 0
-889 -724 0
-890 -725 0
-891 -726 0
-903 -1 0
-904 -2 0
-905 -3 0
-906 -4 0
-907 -5 0
-908 -6 0
-909 -7 0
-910 -8 0
-911 -9 0
-912 -10 0
-913 -11 0
-903 -12 0
-904 -13 0
-905 -14 0
-906 -15 0
-907 -16 0
-908 -17 0
-909 -18 0
-910 -19 0
-911 -20 0
-912 -21 0
-913 -22 0
-903 -23 0
-904 -24 0
-905 -25 0
-906 -26 0
-907 -27 0
-908 -28 0
-909 -29 0
-910 -30 0
-911 -31 0
-912 -32 0
-913 -33 0
-903 -34 0
-904 -35 0
-905 -36 0
-906 -37 0
-907 -38 0
-908 -39 0
-909 -40 0
-910 -41 0
-911 -42 0
-912 -43 0
-913 -44 0
-903 -45 0
-904 -46 0
-905 -47 0
-906 -48 0
-907 -49 0
-908 -50 0
-909 -51 0
-910 -52 0
-911 -53 0
-912 -54 0
-913 -55 0
-903 -56 0
-904 -57 0
-905 -58 0
-906 -59 0
-907 -60 0
-908 -61 0
-909 -62 0
-910 -63 0
-911 -64 0
-912 -65 0
-913 -66 0
-903 -67 0
-904 -68 0
-905 -69 0
-906 -70 0
-907 -71 0
-908 -72 0
-909 -73 0
-910 -74 0
-911 -75 0
-912 -76 0
-913 -77 0
-903 -78 0
-904 -79 0
-905 -80 0
-906 -81 0
-907 -82 0
-908 -83 0
-909 -84 0
-910 -85 0
-911 -86 0
-912 -87 0
-913 -88 0
-903 -89 0
-904 -90 0
-905 -91 0
-906 -92 0
-907 -93 0
-908 -94 0
-909 -95 0
-910 -96 0
-911 -97 0
-912 -98 0
-913 -99 0
-903 -100 0
-904 -101 0
-905 -102 0
-906 -103 0
-907 -104 0
-908 -105 0
-909 -106 0
-910 -107 0
-911 -108 0
-912 -109 0
-913 -110 0
-903 -111 0
-904 -112 0
-905 -113 0
-906 -114 0
-907 -115 0
-908 -116 0
-909 -117 0
-910 -118 0
-911 -119 0
-912 -120 0
-913 -121 0
-903 -122 0
-904 -123 0
-905 -124 0
-906 -125 0
-907 -126 0
-908 -127 0
-909 -128 0
-910 -129 0
-911 -130 0
-912 -131 0
-913 -132 0
-903 -144 0
-904 -145 0
-905 -146 0
-906 -147 0
-907 -148 0
-908 -149 0
-909 -150 0
-910 -151 0
-911 -152 0
-912 -153 0
-913 -154 0
-903 -155 0
-904 -156 0
-905 -157 0
-906 -158 0
-907 -159 0
-908 -160 0
-909 -161 0
-910 -162 0
-911 -163 0
-912 -164 0
-913 -165 0
-903 -166 0
-904 -167 0
-905 -168 0
-906 -169 0
-907 -170 0
-908 -171 0
-909 -172 0
-910 -173 0
-911 -174 0
-912 -175 0
-913 -176 0
-903 -177 0
-904 -178 0
-905 -179 0
-906 -180 0
-907 -181 0
-908 -182 0
-909 -183 0
-910 -184 0
-911 -185 0
-912 -186 0
-913 -187 0
-903 -188 0
-904 -189 0
-905 -190 0
-906 -191 0
-907 -192 0
-908 -193 0
-909 -194 0
-910 -195 0
-911 -196 0
-912 -197 0
-913 -198 0
-903 -199 0
-904 -200 0
-905 -201 0
-906 -202 0
-907 -203 0
-908 -204 0
-909 -205 0
-910 -206 0
-911 -207 0
-912 -208 0
-913 -209 0
-903 -210 0
-904 -211 0
-905 -212 0
-906 -213 0
-907 -214 0
-908 -215 0
-909 -216 0
-910 -217 0
-911 -218 0
-912 -219 0
-913 -220 0
-903 -221 0
-904 -222 0
-905 -223 0
-906 -224 0
-907 -225 0
-908 -226 0
-909 -227 0
-910 -228 0
-911 -229 0
-912 -230 0
-913 -231 0
-903 -232 0
-904 -233 0
-905 -234 0
-906 -235 0
-907 -236 0
-908 -237 0
-909 -238 0
-910 -239 0
-911 -240 0
-912 -241 0
-913 -242 0
-903 -243 0
-904 -244 0
-905 -245 0
-906 -246 0
-907 -247 0
-908 -248 0
-909 -249 0
-910 -250 0
-911 -251 0
-912 -252 0
-913 -253 0
-903 -254 0
-904 -255 0
-905 -256 0
-906 -257 0
-907 -258 0
-908 -259 0
-909 -260 0
-910 -261 0
-911 -262 0
-912 -263 0
-913 -264 0
-903 -265 0
-904 -266 0
-905 -267 0
-906 -268 0
-907 -269 0
-908 -270 0
-909 -271 0
-910 -272 0
-911 -273 0
-912 -274 0
-913 -275 0
-903 -276 0
-904 -277 0
-905 -278 0
-906 -279 0
-907 -280 0
-908 -281 0
-909 -282 0
-910 -283 0
-911 -284 0
-912 -285 0
-913 -286 0
-903 -298 0
-904 -299 0
-905 -300 0
-906 -301 0
-907 -302 0
-908 -303 0
-909 -304 0
-910 -305 0
-911 -306 0
-912 -307 0
-913 -308 0
-903 -309 0
-904 -310 0
-905 -311 0
-906 -312 0
-907 -313 0
-908 -314 0
-909 -315 0
-910 -316 0
-911 -317 0
-912 -318 0
-913 -319 0
-903 -320 0
-904 -321 0
-905 -322 0
-906 -323 0
-907 -324 0
-908 -325 0
-909 -326 0
-910 -327 0
-911 -328 0
-912 -329 0
-913 -330 0
-903 -331 0
-904 -332 0
-905 -333 0
-906 -334 0
-907 -335 0
-908 -336 0
-909 -337 0
-910 -338 0
-911 -339 0
-912 -340 0
-913 -341 0
-903 -342 0
-904 -343 0
-905 -344 0
-906 -345 0
-907 -346 0
-908 -347 0
-909 -348 0
-910 -349 0
-911 -350 0
-912 -351 0
-913 -352 0
-903 -353 0
-904 -354 0
-905 -355 0
-906 -356 0
-907 -357 0
-908 -358 0
-909 -359 0
-910 -360 0
-911 -361 0
-912 -362 0
-913 -363 0
-903 -364 0
-904 -365 0
-905 -366 0
-906 -367 0
-907 -368 0
-908 -369 0
-909 -370 0
-910 -371 0
-911 -372 0
-912 -373 0
-913 -374 0
-903 -375 0
-904 -376 0
-905 -377 0
-906 -378 0
-907 -379 0
-908 -380 0
-909 -381 0
-910 -382 0
-911 -383 0
-912 -384 0
-913 -385 0
-903 -386 0
-904 -387 0
-905 -388 0
-906 -389 0
-907 -390 0
-908 -391 0
-909 -392 0
-910 -393 0
-911 -394 0
-912 -395 0
-913 -396 0
-903 -397 0
-904 -398 0
-905 -399 0
-906 -400 0
-907 -401 0
-908 -402 0
-909 -403 0
-910 -404 0
-911 -405 0
-912 -406 0
-913 -407 0
-903 -408 0
-904 -409 0
-905 -410 0
-906 -411 0
-907 -412 0
-908 -413 0
-909 -414 0
-910 -415 0
-911 -416 0
-912 -417 0
-913 -418 0
-903 -419 0
-904 -420 0
-905 -421 0
-906 -422 0
-907 -423 0
-908 -424 0
-909 -425 0
-910 -426 0
-911 -427 0
-912 -428 0
-913 -429 0
-903 -430 0
-904 -431 0
-905 -432 0
-906 -433 0
-907 -434 0
-908 -435 0
-909 -436 0
-910 -437 0
-911 -438 0
-912 -439 0
-913 -440 0
-903 -441 0
-904 -442 0
-905 -443 0
-906 -444 0
-907 -445 0
-908 -446 0
-909 -447 0
-910 -448 0
-911 -449 0
-912 -450 0
-913 -451 0
-903 -452 0
-904 -453 0
-905 -454 0
-906 -455 0
-907 -456 0
-908 -457 0
-909 -458 0
-910 -459 0
-911 -460 0
-912 -461 0
-913 -462 0
-903 -463 0
-904 -464 0
-905 -465 0
-906 -466 0
-907 -467 0
-908 -468 0
-909 -469 0
-910 -470 0
-911 -471 0
-912 -472 0
-913 -473 0
-903 -474 0
-904 -475 0
-905 -476 0
-906 -477 0
-907 -478 0
-908 -479 0
-909 -480 0
-910 -481 0
-911 -482 0
-912 -483 0
-913 -484 0
-903 -485 0
-904 -486 0
-905 -487 0
-906 -488 0
-907 -489 0
-908 -490 0
-909 -491 0
-910 -492 0
-911 -493 0
-912 -494 0
-913 -495 0
-903 -496 0
-904 -497 0
-905 -498 0
-906 -499 0
-907 -500 0
-908 -501 0
-909 -502 0
-910 -503 0
-911 -504 0
-912 -505 0
-913 -506 0
-903 -507 0
-904 -508 0
-905 -509 0
-906 -510 0
-907 -511 0
-908 -512 0
-909 -513 0
-910 -514 0
-911 -515 0
-912 -516 0
-913 -517 0
-903 -518 0
-904 -519 0
-905 -520 0
-906 -521 0
-907 -522 0
-908 -523 0
-909 -524 0
-910 -525 0
-911 -526 0
-912 -527 0
-913 -528 0
-903 -529 0
-904 -530 0
-905 -531 0
-906 -532 0
-907 -533 0
-908 -534 0
-909 -535 0
-910 -536 0
-911 -537 0
-912 -538 0
-913 -539 0
-903 -540 0
-904 -541 0
-905 -542 0
-906 -543 0
-907 -544 0
-908 -545 0
-909 -546 0
-910 -547 0
-911 -548 0
-912 -549 0
-913 -550 0
-903 -551 0
-904 -552 0
-905 -553 0
-906 -554 0
-907 -555 0
-908 -556 0
-909 -557 0
-910 -558 0
-911 -559 0
-912 -560 0
-913 -561 0
-903 -562 0
-904 -563 0
-905 -564 0
-906 -565 0
-907 -566 0
-908 -567 0
-909 -568 0
-910 -569 0
-911 -570 0
-912 -571 0
-913 -572 0
-903 -573 0
-904 -574 0
-905 -575 0
-906 -576 0
-907 -577 0
-908 -578 0
-909 -579 0
-910 -580 0
-911 -581 0
-912 -582 0
-913 -583 0
-903 -584 0
-904 -585 0
-905 -586 0
-906 -587 0
-907 -588 0
-908 -589 0
-909 -590 0
-910 -591 0
-911 -592 0
-912 -593 0
-913 -594 0
-903 -595 0
-904 -596 0
-905 -597 0
-906 -598 0
-907 -599 0
-908 -600 0
-909 -601 0
-910 -602 0
-911 -603 0
-912 -604 0
-913 -605 0
-903 -606 0
-904 -607 0
-905 -608 0
-906 -609 0
-907 -610 0
-908 -611 0
-909 -612 0
-910 -613 0
-911 -614 0
-912 -615 0
-913 -616 0
-903 -617 0
-904 -618 0
-905 -619 0
-906 -620 0
-907 -621 0
-908 -622 0
-909 -623 0
-910 -624 0
-911 -625 0
-912 -626 0
-913 -627 0
-903 -628 0
-904 -629 0
-905 -630 0
-906 -631 0
-907 -632 0
-908 -633 0
-909 -634 0
-910 -635 0
-911 -636 0
-912 -637 0
-913 -638 0
-903 -639 0
-904 -640 0
-905 -641 0
-906 -642 0
-907 -643 0
-908 -644 0
-909 -645 0
-910 -646 0
-911 -647 0
-912 -648 0
-913 -649 0
-903 -661 0
-904 -662 0
-905 -663 0
-906 -664 0
-907 -665 0
-908 -666 0
-909 -667 0
-910 -668 0
-911 -669 0
-912 -670 0
-913 -671 0
-903 -672 0
-904 -673 0
-905 -674 0
-906 -675 0
-907 -676 0
-908 -677 0
-909 -678 0
-910 -679 0
-911 -680 0
-912 -681 0
-913 -682 0
-903 -683 0
-904 -684 0
-905 -685 0
-906 -686 0
-907 -687 0
-908 -688 0
-909 -689 0
-910 -690 0
-911 -691 0
-912 -692 0
-913 -693 0
-903 -694 0
-904 -695 0
-905 -696 0
-906 -697 0
-907 -698 0
-908 -699 0
-909 -700 0
-910 -701 0
-911 -702 0
-912 -703 0
-913 -704 0
-903 -705 0
-904 -706 0
-905 -707 0
-906 -708 0
-907 -709 0
-908 -710 0
-909 -711 0
-910 -712 0
-911 -713 0
-912 -714 0
-913 -715 0
-903 -716 0
-904 -717 0
-905 -718 0
-906 -719 0
-907 -720 0
-908 -721 0
-909 -722 0
-910 -723 0
-911 -724 0
-912 -725 0
-913 -726 0
-903 -727 0
-904 -728 0
-905 -729 0
-906 -730 0
-907 -731 0
-908 -732 0
-909 -733 0
-910 -734 0
-911 -735 0
-912 -736 0
-913 -737 0
-903 -738 0
-904 -739 0
-905 -740 0
-906 -741 0
-907 -742 0
-908 -743 0
-909 -744 0
-910 -745 0
-911 -746 0
-912 -747 0
-913 -748 0
-903 -749 0
-904 -750 0
-905 -751 0
-906 -752 0
-907 -753 0
-908 -754 0
-909 -755 0
-910 -756 0
-911 -757 0
-912 -758 0
-913 -759 0
-903 -760 0
-904 -761 0
-905 -762 0
-906 -763 0
-907 -764 0
-908 -765 0
-909 -766 0
-910 -767 0
-911 -768 0
-912 -769 0
-913 -770 0
-903 -771 0
-904 -772 0
-905 -773 0
-906 -774 0
-907 -775 0
-908 -776 0
-909 -777 0
-910 -778 0
-911 -779 0
-912 -780 0
-913 -781 0
-903 -782 0
-904 -783 0
-905 -784 0
-906 -785 0
-907 -786 0
-908 -787 0
-909 -788 0
-910 -789 0
-911 -790 0
-912 -791 0
-913 -792 0
-903 -793 0
-904 -794 0
-905 -795 0
-906 -796 0
-907 -797 0
-908 -798 0
-909 -799 0
-910 -800 0
-911 -801 0
-912 -802 0
-913 -803 0
-903 -804 0
-904 -805 0
-905 -806 0
-906 -807 0
-907 -808 0
-908 -809 0
-909 -810 0
-910 -811 0
-911 -812 0
-912 -813 0
-913 -814 0
-903 -815 0
-904 -816 0
-905 -817 0
-906 -818 0
-907 -819 0
-908 -820 0
-909 -821 0
-910 -822 0
-911 -823 0
-912 -824 0
-913 -825 0
-903 -826 0
-904 -827 0
-905 -828 0
-906 -829 0
-907 -830 0
-908 -831 0
-909 -832 0
-910 -833 0
-911 -834 0
-912 -835 0
-913 -836 0
-903 -837 0
-904 -838 0
-905 -839 0
-906 -840 0
-907 -841 0
-908 -842 0
-909 -843 0
-910 -844 0
-911 -845 0
-912 -846 0
-913 -847 0
-903 -848 0
-904 -849 0
-905 -850 0
-906 -851 0
-907 -852 0
-908 -853 0
-909 -854 0
-910 -855 0
-911 -856 0
-912 -857 0
-913 -858 0
-903 -859 0
-904 -860 0
-905 -861 0
-906 -862 0
-907 -863 0
-908 -864 0
-909 -865 0
-910 -866 0
-911 -867 0
-912 -868 0
-913 -869 0
-903 -870 0
-904 -871 0
-905 -872 0
-906 -873 0
-907 -874 0
-908 -875 0
-909 -876 0
-910 -877 0
-911 -878 0
-912 -879 0
-913 -880 0
-903 -881 0
-904 -882 0
-905 -883 0
-906 -884 0
-907 -885 0
-908 -886 0
-909 -887 0
-910 -888 0
-911 -889 0
-912 -890 0
-913 -891 0
-903 -892 0
-904 -893 0
-905 -894 0
-906 -895 0
-907 -896 0
-908 -897 0
-909 -898 0
-910 -899 0
-911 -900 0
-912 -901 0
-913 -902 0
-914 -177 0
-915 -178 0
-916 -179 0
-917 -180 0
-918 -181 0
-919 -182 0
-920 -183 0
-921 -184 0
-922 -185 0
-923 -186 0
-924 -187 0
-914 -199 0
-915 -200 0
-916 -201 0
-917 -202 0
-918 -203 0
-919 -204 0
-920 -205 0
-921 -206 0
-922 -207 0
-923 -208 0
-924 -209 0
-914 -397 0
-915 -398 0
-916 -399 0
-917 -400 0
-918 -401 0
-919 -402 0
-920 -403 0
-921 -404 0
-922 -405 0
-923 -406 0
-924 -407 0
-914 -485 0
-915 -486 0
-916 -487 0
-917 -488 0
-918 -489 0
-919 -490 0
-920 -491 0
-921 -492 0
-922 -493 0
-923 -494 0
-924 -495 0
-914 -540 0
-915 -541 0
-916 -542 0
-917 -543 0
-918 -544 0
-919 -545 0
-920 -546 0
-921 -547 0
-922 -548 0
-923 -549 0
-924 -550 0
-914 -628 0
-915 -629 0
-916 -630 0
-917 -631 0
-918 -632 0
-919 -633 0
-920 -634 0
-921 -635 0
-922 -636 0
-923 -637 0
-924 -638 0
-914 -793 0
-915 -794 0
-916 -795 0
-917 -796 0
-918 -797 0
-919 -798 0
-920 -799 0
-921 -800 0
-922 -801 0
-923 -802 0
-924 -803 0
-914 -903 0
-915 -904 0
-916 -905 0
-917 -906 0
-918 -907 0
-919 -908 0
-920 -909 0
-921 -910 0
-922 -911 0
-923 -912 0
-924 -913 0
-925 -133 0
-926 -134 0
-927 -135 0
-928 -136 0
-929 -137 0
-930 -138 0
-931 -139 0
-932 -140 0
-933 -141 0
-934 -142 0
-935 -143 0
-925 -199 0
-926 -200 0
-927 -201 0
-928 -202 0
-929 -203 0
-930 -204 0
-931 -205 0
-932 -206 0
-933 -207 0
-934 -208 0
-935 -209 0
-925 -287 0
-926 -288 0
-927 -289 0
-928 -290 0
-929 -291 0
-930 -292 0
-931 -293 0
-932 -294 0
-933 -295 0
-934 -296 0
-935 -297 0
-925 -463 0
-926 -464 0
-927 -465 0
-928 -466 0
-929 -467 0
-930 -468 0
-931 -469 0
-932 -470 0
-933 -471 0
-934 -472 0
-935 -473 0
-925 -551 0
-926 -552 0
-927 -553 0
-928 -554 0
-929 -555 0
-930 -556 0
-931 -557 0
-932 -558 0
-933 -559 0
-934 -560 0
-935 -561 0
-925 -650 0
-926 -651 0
-927 -652 0
-928 -653 0
-929 -654 0
-930 -655 0
-931 -656 0
-932 -657 0
-933 -658 0
-934 -659 0
-935 -660 0
-936 -12 0
-937 -13 0
-938 -14 0
-939 -15 0
-940 -16 0
-941 -17 0
-942 -18 0
-943 -19 0
-944 -20 0
-945 -21 0
-946 -22 0
-936 -375 0
-937 -376 0
-938 -377 0
-939 -378 0
-940 -379 0
-941 -380 0
-942 -381 0
-943 -382 0
-944 -383 0
-945 -384 0
-946 -385 0
-936 -716 0
-937 -717 0
-938 -718 0
-939 -719 0
-940 -720 0
-941 -721 0
-942 -722 0
-943 -723 0
-944 -724 0
-945 -725 0
-946 -726 0
-936 -903 0
-937 -904 0
-938 -905 0
-939 -906 0
-940 -907 0
-941 -908 0
-942 -909 0
-943 -910 0
-944 -911 0
-945 -912 0
-946 -913 0
-947 -12 0
-948 -13 0
-949 -14 0
-950 -15 0
-951 -16 0
-952 -17 0
-953 -18 0
-954 -19 0
-955 -20 0
-956 -21 0
-957 -22 0
-947 -23 0
-948 -24 0
-949 -25 0
-950 -26 0
-951 -27 0
-952 -28 0
-953 -29 0
-954 -30 0
-955 -31 0
-956 -32 0
-957 -33 0
-947 -34 0
-948 -35 0
-949 -36 0
-950 -37 0
-951 -38 0
-952 -39 0
-953 -40 0
-954 -41 0
-955 -42 0
-956 -43 0
-957 -44 0
-947 -67 0
-948 -68 0
-949 -69 0
-950 -70 0
-951 -71 0
-952 -72 0
-953 -73 0
-954 -74 0
-955 -75 0
-956 -76 0
-957 -77 0
-947 -177 0
-948 -178 0
-949 -179 0
-950 -180 0
-951 -181 0
-952 -182 0
-953 -183 0
-954 -184 0
-955 -185 0
-956 -186 0
-957 -187 0
-947 -199 0
-948 -200 0
-949 -201 0
-950 -202 0
-951 -203 0
-952 -204 0
-953 -205 0
-954 -206 0
-955 -207 0
-956 -208 0
-957 -209 0
-947 -210 0
-948 -211 0
-949 -212 0
-950 -213 0
-951 -214 0
-952 -215 0
-953 -216 0
-954 -217 0
-955 -218 0
-956 -219 0
-957 -220 0
-947 -243 0
-948 -244 0
-949 -245 0
-950 -246 0
-951 -247 0
-952 -248 0
-953 -249 0
-954 -250 0
-955 -251 0
-956 -252 0
-957 -253 0
-947 -309 0
-948 -310 0
-949 -311 0
-950 -312 0
-951 -313 0
-952 -314 0
-953 -315 0
-954 -316 0
-955 -317 0
-956 -318 0
-957 -319 0
-947 -342 0
-948 -343 0
-949 -344 0
-950 -345 0
-951 -346 0
-952 -347 0
-953 -348 0
-954 -349 0
-955 -350 0
-956 -351 0
-957 -352 0
-947 -353 0
-948 -354 0
-949 -355 0
-950 -356 0
-951 -357 0
-952 -358 0
-953 -359 0
-954 -360 0
-955 -361 0
-956 -362 0
-957 -363 0
-947 -364 0
-948 -365 0
-949 -366 0
-950 -367 0
-951 -368 0
-952 -369 0
-953 -370 0
-954 -371 0
-955 -372 0
-956 -373 0
-957 -374 0
-947 -375 0
-948 -376 0
-949 -377 0
-950 -378 0
-951 -379 0
-952 -380 0
-953 -381 0
-954 -382 0
-955 -383 0
-956 -384 0
-957 -385 0
-947 -397 0
-948 -398 0
-949 -399 0
-950 -400 0
-951 -401 0
-952 -402 0
-953 -403 0
-954 -404 0
-955 -405 0
-956 -406 0
-957 -407 0
-947 -452 0
-948 -453 0
-949 -454 0
-950 -455 0
-951 -456 0
-952 -457 0
-953 -458 0
-954 -459 0
-955 -460 0
-956 -461 0
-957 -462 0
-947 -463 0
-948 -464 0
-949 -465 0
-950 -466 0
-951 -467 0
-952 -468 0
-953 -469 0
-954 -470 0
-955 -471 0
-956 -472 0
-957 -473 0
-947 -485 0
-948 -486 0
-949 -487 0
-950 -488 0
-951 -489 0
-952 -490 0
-953 -491 0
-954 -492 0
-955 -493 0
-956 -494 0
-957 -495 0
-947 -496 0
-948 -497 0
-949 -498 0
-950 -499 0
-951 -500 0
-952 -501 0
-953 -502 0
-954 -503 0
-955 -504 0
-956 -505 0
-957 -506 0
-947 -540 0
-948 -541 0
-949 -542 0
-950 -543 0
-951 -544 0
-952 -545 0
-953 -546 0
-954 -547 0
-955 -548 0
-956 -549 0
-957 -550 0
-947 -573 0
-948 -574 0
-949 -575 0
-950 -576 0
-951 -577 0
-952 -578 0
-953 -579 0
-954 -580 0
-955 -581 0
-956 -582 0
-957 -583 0
-947 -595 0
-948 -596 0
-949 -597 0
-950 -598 0
-951 -599 0
-952 -600 0
-953 -601 0
-954 -602 0
-955 -603 0
-956 -604 0
-957 -605 0
-947 -628 0
-948 -629 0
-949 -630 0
-950 -631 0
-951 -632 0
-952 -633 0
-953 -634 0
-954 -635 0
-955 -636 0
-956 -637 0
-957 -638 0
-947 -716 0
-948 -717 0
-949 -718 0
-950 -719 0
-951 -720 0
-952 -721 0
-953 -722 0
-954 -723 0
-955 -724 0
-956 -725 0
-957 -726 0
-947 -727 0
-948 -728 0
-949 -729 0
-950 -730 0
-951 -731 0
-952 -732 0
-953 -733 0
-954 -734 0
-955 -735 0
-956 -736 0
-957 -737 0
-947 -782 0
-948 -783 0
-949 -784 0
-950 -785 0
-951 -786 0
-952 -787 0
-953 -788 0
-954 -789 0
-955 -790 0
-956 -791 0
-957 -792 0
-947 -793 0
-948 -794 0
-949 -795 0
-950 -796 0
-951 -797 0
-952 -798 0
-953 -799 0
-954 -800 0
-955 -801 0
-956 -802 0
-957 -803 0
-947 -804 0
-948 -805 0
-949 -806 0
-950 -807 0
-951 -808 0
-952 -809 0
-953 -810 0
-954 -811 0
-955 -812 0
-956 -813 0
-957 -814 0
-947 -881 0
-948 -882 0
-949 -883 0
-950 -884 0
-951 -885 0
-952 -886 0
-953 -887 0
-954 -888 0
-955 -889 0
-956 -890 0
-957 -891 0
-947 -903 0
-948 -904 0
-949 -905 0
-950 -906 0
-951 -907 0
-952 -908 0
-953 -909 0
-954 -910 0
-955 -911 0
-956 -912 0
-957 -913 0
-947 -914 0
-948 -915 0
-949 -916 0
-950 -917 0
-951 -918 0
-952 -919 0
-953 -920 0
-954 -921 0
-955 -922 0
-956 -923 0
-957 -924 0
