Nome,N,M,K,Cores GBBS,Tempo GBBS,Tempo Kissat
1-FullIns_3,30,200,4,3,0.000137,0.000000
1-FullIns_4,93,1186,5,5,0.000263,0.000000
1-FullIns_5,282,6494,6,5,0.000397,0.003198
1-Insertions_4,67,464,5,4,0.000273,0.000000
1-Insertions_5,202,2454,6,5,0.000562,0.002286
1-Insertions_6,607,12674,7,6,0.00074,0.011135
2-FullIns_3,52,402,5,4,0.000206,0.001299
2-FullIns_4,212,3242,6,6,0.000519,0.002280
2-FullIns_5,852,24402,7,7,0.00307,0.009032
2-Insertions_3,37,144,4,4,9.2,0.001278
2-Insertions_4,149,1082,5,4,0.00037,0.001274
2-Insertions_5,597,7872,6,5,0.000696,0.001522
3-FullIns_3,80,692,6,5,0.000212,0.000501
3-FullIns_4,405,7048,7,6,0.000702,0.001130
3-FullIns_5,2030,67502,8,7,0.000831,0.013259
3-Insertions_3,56,220,4,3,8.6,0.000327
3-Insertions_4,281,2092,5,5,0.000318,0.001959
3-Insertions_5,1406,19390,6,7,0.000428,0.007048
4-FullIns_3,114,1082,7,6,0.000445,0.001084
4-FullIns_4,690,13300,8,7,0.000599,0.009768
4-FullIns_5,4146,154610,9,9,0.001462,0.117979
4-Insertions_3,79,312,4,4,0.000312,0.001392
4-Insertions_4,475,3590,5,4,0.000461,0.003828
5-FullIns_3,154,1584,8,7,0.000298,0.001882
5-FullIns_4,1085,22790,9,8,0.00122,0.007598
abb313GPIA,1557,106712,9,16,0.00117,0.354565
anna,138,986,11,10,0.000503,0.001962
ash331GPIA,662,8362,4,5,0.000879,0.002530
ash608GPIA,1216,15688,4,6,0.000466,0.004304
ash958GPIA,1916,25012,4,6,0.000577,0.107667
C2000.5,2000,1999672,145,220,0.017993,23.244252
C2000.9,2000,3599064,408,579,0.039657,93.416495
C4000.5,4000,8000536,259,402,0.081384,125.155752
david,87,812,11,10,0.000215,0.003144
DSJC1000.1,1000,99258,20,31,0.001086,23.850053
DSJC1000.5,1000,499652,82,126,0.004558,23.824240
DSJC1000.9,1000,898898,222,320,0.007111,23.554176
DSJC125.1,125,1472,5,7,0.000281,0.102862
DSJC125.1g,125,1472,,7,0.00027,0.000000
DSJC125.1gb,125,1472,,7,0.000258,0.000000
DSJC125.5,125,7782,17,24,0.000586,23.913981
DSJC125.5g,125,7782,,24,0.00043,0.000065
DSJC125.5gb,125,7782,,24,0.000404,0.000000
DSJC125.9,125,13922,44,56,0.000744,23.914696
DSJC125.9g,125,13922,,56,0.00087,0.000000
DSJC125.9gb,125,13922,,56,0.000478,0.000000
DSJC250.1,250,6436,8,12,0.00052,23.903671
DSJC250.5,250,31336,28,41,0.001207,23.963028
DSJC250.9,250,55794,72,97,0.00193,23.817634
DSJC500.1,500,24916,12,19,0.001048,23.926638
DSJC500.5,500,125248,47,71,0.004367,23.834116
DSJC500.9,500,224874,126,177,0.002479,23.751723
DSJR500.1,500,7110,85,13,0.000461,0.039008
DSJR500.1c,500,242550,85,103,0.002276,23.805021
DSJR500.5,500,117724,122,141,0.001634,23.786461
flat1000_50_0,1000,490000,50,122,0.004499,23.918504
flat1000_60_0,1000,491660,60,124,0.004258,23.929172
flat1000_76_0,1000,493416,76,125,0.004215,23.844816
flat300_20_0,300,42750,20,47,0.001294,23.923195
flat300_26_0,300,43266,26,44,0.001207,23.966104
flat300_28_0,300,43390,28,46,0.001005,23.933983
fpsol2.i.1,496,23308,65,64,0.000756,0.082953
fpsol2.i.2,451,17382,30,29,0.000654,0.030934
fpsol2.i.3,425,17376,30,29,0.000791,0.014363
games120,120,1276,9,8,0.000524,0.002142
GEOM100,100,1094,13,9,0.000514,0.000511
GEOM100a,100,1984,13,15,0.001014,0.102866
GEOM100b,100,2100,15,15,0.000429,0.104547
GEOM110,110,1276,14,9,0.00026,0.001102
GEOM110a,110,2414,14,16,0.000766,0.099123
GEOM110b,110,2512,15,16,0.000478,0.220869
GEOM120,120,1546,16,10,0.000282,0.002681
GEOM120a,120,2868,16,17,0.000471,0.093336
GEOM120b,120,2982,16,17,0.00052,0.125637
GEOM20,20,40,5,5,8.5,0.000000
GEOM20a,20,74,5,4,0.00036,0.000239
GEOM20b,20,64,3,3,9.5,0.001376
GEOM30,30,100,6,6,0.000119,0.001252
GEOM30a,30,162,6,6,0.000143,0.001873
GEOM30b,30,162,5,4,0.000121,0.000276
GEOM40,40,156,7,6,0.000104,0.000272
GEOM40a,40,292,7,7,0.000195,0.000427
GEOM40b,40,314,7,6,0.000163,0.000191
GEOM50,50,254,9,5,0.000149,0.000000
GEOM50a,50,476,9,8,0.000219,0.086347
GEOM50b,50,498,8,7,0.000357,0.074780
GEOM60,60,370,10,6,0.000111,0.000332
GEOM60a,60,678,10,9,0.000185,0.085014
GEOM60b,60,732,9,9,0.000228,0.092601
GEOM70,70,534,11,7,0.000187,0.001388
GEOM70a,70,918,11,11,0.000239,0.133275
GEOM70b,70,976,10,11,0.000339,0.063188
GEOM80,80,698,12,9,0.000283,0.001165
GEOM80a,80,1224,12,12,0.00046,0.097701
GEOM80b,80,1326,12,13,0.000284,0.128204
GEOM90,90,882,12,9,0.000277,0.001194
GEOM90a,90,1578,12,13,0.000265,0.076084
GEOM90b,90,1720,15,16,0.00031,0.138714
homer,561,3257,13,13,0.000589,0.196608
huck,74,602,11,11,0.000176,0.000475
inithx.i.1,864,37414,54,53,0.000722,0.103370
inithx.i.2,645,27958,31,30,0.000397,0.037682
inithx.i.3,621,27938,31,30,0.000509,0.043206
jean,80,508,10,9,0.000453,0.001003
latin_square_10,900,614700,97,148,0.004713,23.358543
le450_15a,450,16336,15,18,0.001423,2.142052
le450_15b,450,16338,15,17,0.000849,1.436344
le450_15c,450,33360,15,27,0.001527,23.933945
le450_15d,450,33500,15,27,0.001367,23.892218
le450_25a,450,16520,25,24,0.000979,6.026686
le450_25b,450,16526,25,25,0.000888,6.122968
le450_25c,450,34686,25,32,0.001732,23.884877
le450_25d,450,34850,25,32,0.001365,23.878949
le450_5a,450,11428,5,12,0.000752,0.169048
le450_5b,450,11468,5,12,0.000704,0.166325
le450_5c,450,19606,5,15,0.001196,0.144284
le450_5d,450,19514,5,16,0.001541,0.140640
miles1000,128,6432,42,44,0.000575,0.775006
miles1500,128,10396,73,74,0.000852,4.485689
miles250,128,774,8,8,0.000218,0.068294
miles500,128,2340,20,20,0.000348,0.160336
miles750,128,4226,31,33,0.000466,0.363480
mug100_1,100,332,4,4,0.000348,0.001200
mug100_25,100,332,4,4,0.000441,0.000000
mug88_1,88,292,4,4,0.000167,0.001029
mug88_25,88,292,4,4,9.8,0.000000
mulsol.i.1,197,7850,49,48,0.000251,0.016699
mulsol.i.2,188,7770,31,30,0.000453,0.019628
mulsol.i.3,184,7832,31,30,0.000539,0.013093
mulsol.i.4,185,7892,31,30,0.000373,0.014599
mulsol.i.5,186,7946,31,30,0.000598,0.020030
p06,16,76,4,3,0.00042,0.000541
p07,24,184,5,8,0.000267,0.001305
p08,24,184,5,8,0.000181,0.000000
p09,25,200,5,5,0.000259,0.009491
p10,16,64,4,3,0.000221,0.001071
p11,18,96,5,4,0.000201,0.000048
p12,26,180,5,5,8.5,0.000248
p13,34,320,6,6,0.000138,0.032278
p14,31,220,6,5,0.00021,0.000109
p15,34,272,6,5,0.000246,0.000359
p16,34,268,6,6,0.000305,0.000178
p17,37,322,7,6,0.000392,0.001024
p18,35,286,6,6,0.000165,0.000000
p19,36,312,7,7,0.000166,0.000000
p20,37,284,6,5,0.000135,0.000000
p21,38,310,7,6,0.000183,0.001111
p22,38,308,6,6,0.000281,0.000293
p23,44,408,7,6,0.000136,0.000291
p24,34,208,6,5,0.000467,0.000070
p25,36,240,6,5,0.000169,0.000000
p26,37,262,7,6,0.000188,0.000000
p27,44,348,6,5,0.000373,0.000000
p28,44,328,7,6,0.000163,0.001949
p29,53,508,10,9,0.000158,0.001424
p30,60,634,8,7,0.00015,0.000971
p31,47,358,8,7,0.00022,0.000000
p32,51,442,8,8,0.000319,0.000000
p33,56,516,7,6,0.000253,0.000300
p34,74,842,10,9,0.000259,0.001599
p35,86,1132,10,9,0.000464,0.068697
p36,101,1596,12,11,0.000278,0.001042
p38,87,1074,10,9,0.000264,0.001792
p40,86,994,10,9,0.00044,0.000161
p41,116,1800,13,12,0.000396,0.002122
p42,138,2372,14,13,0.000349,0.005203
qg.order100,10000,1980000,100,105,0.011509,23.852579
qg.order30,900,52200,30,33,0.000684,23.851384
qg.order40,1600,124800,40,43,0.001212,23.813724
qg.order60,3600,424800,60,65,0.0031,23.545979
queen10_10,100,2940,11,14,0.000441,23.901550
queen10_10g,100,2940,,14,0.000558,0.000000
queen10_10gb,100,2940,,14,0.000643,0.000112
queen11_11,121,3960,11,16,0.000392,23.834187
queen11_11g,121,3960,,16,0.000152,0.000000
queen11_11gb,121,3960,,16,0.000228,0.000000
queen12_12,144,5192,12,17,0.000178,23.831887
queen12_12g,144,5192,,17,0.000187,0.000000
queen12_12gb,144,5192,,17,0.000179,0.000000
queen13_13,169,6656,13,18,0.000326,23.858411
queen14_14,196,8372,14,20,0.00023,23.876359
queen15_15,225,10360,16,21,0.000251,23.868082
queen16_16,256,12640,17,22,0.000272,23.922573
queen5_5,25,320,5,7,6.3,0.000000
queen6_6,36,580,7,8,6.6,0.022205
queen7_7,49,952,7,9,7.1,0.022033
queen8_12,96,2736,12,14,0.000129,0.112147
queen8_8,64,1456,9,12,8.3,0.412315
queen8_8g,64,1456,,12,0.000191,0.000000
queen8_8gb,64,1456,,12,0.000193,0.000105
queen9_9,81,2112,10,12,0.000128,2.847754
queen9_9g,81,2112,,12,0.00012,0.000000
queen9_9gb,81,2112,,12,0.000124,0.000000
r01,144,2560,13,12,0.00015,0.000093
r02,142,2492,13,12,0.00014,0.001089
r03,139,2376,13,12,0.000139,0.036781
r04,151,2812,13,12,0.000134,0.039260
r05,142,2532,13,12,0.000228,0.002160
r06,148,2762,14,13,0.000239,0.001495
r07,141,2506,14,13,0.000151,0.001617
r08,138,2382,13,12,0.000151,0.000688
r09,129,2054,13,12,0.000122,0.001027
r10,150,2818,100,13,0.000145,0.007548
r1000.1,1000,28756,98,21,0.000469,0.076719
r1000.1c,1000,970180,98,137,0.006541,24.340515
r1000.5,1000,476534,234,268,0.004207,23.617653
R100_1g,100,1018,5,6,0.0001,0.022986
R100_1gb,100,1018,,6,0.000113,0.000083
R100_5g,100,4912,14,21,0.000164,23.929090
R100_5gb,100,4912,,21,0.000168,0.000000
R100_9g,100,8876,35,44,0.000151,23.927927
R100_9gb,100,8876,,44,0.000155,0.000000
r11,208,4494,15,14,0.000155,0.059737
r12,199,4110,14,14,0.000149,0.063479
r125.1,125,418,46,5,7.1,0.000583
r125.1c,125,15002,46,52,0.00021,1.297148
r125.5,125,7676,36,39,0.000197,0.593705
r13,217,4898,15,14,0.000158,0.064314
r14,214,4774,15,15,0.000277,0.117076
r15,198,4110,16,15,0.000152,0.002270
r16,188,3722,16,15,0.000238,0.001316
r17,213,4784,15,15,0.000165,0.062015
r18,200,4158,14,14,0.000221,0.056461
r19,185,3606,13,13,0.000171,0.055687
r20,217,4894,16,15,0.00017,0.003672
r21,281,7108,17,17,0.00021,0.162824
r22,285,7368,18,17,0.000211,0.094508
r23,288,7464,18,17,0.000179,0.002686
r24,269,6568,17,16,0.000187,0.003145
r25,266,6354,17,16,0.000198,0.086665
r250.1,250,1734,64,8,0.000143,0.003092
r250.1c,250,60454,64,74,0.000611,6.275449
r250.5,250,29698,65,74,0.000436,23.179891
r26,284,7258,18,17,0.000187,0.004219
r27,259,6038,16,15,0.000182,0.075019
r28,288,7530,19,18,0.000209,0.005690
r29,281,7106,17,16,0.000286,0.148691
r30,301,8244,30,18,0.000214,0.007723
R50_1g,50,216,3,4,,0.000084
R50_1gb,50,216,,4,,0.000087
R50_5g,50,1224,10,11,7.5,0.029194
R50_5gb,50,1224,,11,7.9,0.000000
R50_9g,50,2184,21,24,8.7,0.139243
R50_9gb,50,2184,,24,8.2,0.000000
R75_1g,70,502,4,5,8.4,0.007927
R75_1gb,70,502,,5,6.6,0.000000
R75_5g,75,2814,13,17,0.000133,0.160304
R75_5gb,75,2814,,17,0.000119,0.000101
R75_9g,75,5026,33,36,0.000149,0.328373
R75_9gb,75,5026,,36,0.000133,0.000084
school1,385,38190,14,37,0.000584,0.320528
school1_nsh,352,29224,14,36,0.000511,0.375872
wap01a,2368,221742,41,52,0.001904,23.789318
wap02a,2464,223484,40,48,0.001947,23.779013
wap03a,4730,573444,43,55,0.004603,23.842777
wap04a,5231,589804,41,52,0.004608,23.806494
wap05a,905,86162,50,50,0.000988,3.631921
wap06a,947,87142,40,48,0.000932,23.876482
wap07a,1809,206736,41,52,0.001873,23.785283
wap08a,1870,208352,40,51,0.001932,23.764189
will199GPIA,701,13544,7,9,0.000422,0.056719
zeroin.i.1,211,8200,49,48,0.000256,0.009562
zeroin.i.2,211,7082,30,29,0.000151,0.006538
zeroin.i.3,206,7080,30,29,0.000152,0.006315
